[0.00020799207764185388, 0.00014432600190337396, 9.12301336316505e-05, 7.975178116973913e-05, 7.511382498895668e-05, 7.34446549144306e-05, 7.215754554574128e-05]
3
[0.00010945925162568671, 7.559065024064707e-05, 5.3036826795439084e-05, 4.830027099364621e-05, 4.6017210711082016e-05, 4.420649042932246e-05, 4.269670125456552e-05]
3
[0.00014988828060110335, 9.002185598068127e-05, 7.742508692643216e-05, 6.410883774030711e-05, 5.933387531992826e-05, 5.746730449170446e-05, 5.6031922059398465e-05]
2
[0.00016728364685158668, 9.772668234464654e-05, 7.274631906668304e-05, 6.89368945051625e-05, 6.596671263262237e-05, 6.34994258497376e-05, 6.219200626023069e-05]
3
[0.00014538789920698523, 0.00010788148085655076, 7.86877328344893e-05, 6.78458964170922e-05, 6.58302443242217e-05, 6.454320044850391e-05, 6.363029926160702e-05]
3
[0.00017481759366633925, 9.386214610867245e-05, 6.932733202936246e-05, 6.342538154122752e-05, 6.061332739062977e-05, 5.905434596055792e-05, 5.784757268578951e-05]
3
[0.0002328875315961117, 0.00015381624932254222, 9.435435812379548e-05, 9.055687382223102e-05, 8.753580988231946e-05, 8.49005404169578e-05, 8.362344460792395e-05]
3
[0.0003184031558621943, 0.0001339154564949973, 0.00011059135520221763, 0.00010372706547446624, 0.00010023964178580068, 9.742614365465513e-05, 9.5386041982195e-05]
2
[0.00017648390542047618, 7.905343097905269e-05, 5.9848836136450944e-05, 5.4448110713182536e-05, 5.1608874457838705e-05, 4.9811872693203334e-05, 4.857722106712618e-05]
2
[0.00019031205626581716, 0.00013061419011196933, 7.960329371897766e-05, 7.41740279577271e-05, 7.012470025247919e-05, 6.830036602395676e-05, 6.70262042087367e-05]
3
