0 91
0 95
0 109
0 114
0 117
0 130
0 137
0 203
0 205
0 210
0 228
1 71
1 72
1 85
1 90
1 96
1 97
1 98
1 99
1 103
1 104
1 105
1 119
1 124
1 125
1 126
1 156
1 173
1 196
1 201
1 206
1 208
1 210
1 211
1 221
1 223
1 229
1 257
1 261
2 13
2 17
2 24
2 72
2 85
2 86
2 90
2 93
2 96
2 99
2 112
2 124
2 125
2 132
2 137
2 142
2 164
2 198
2 205
2 206
2 210
2 230
2 245
3 25
3 30
3 45
3 62
3 69
3 71
3 72
3 85
3 86
3 91
3 93
3 94
3 96
3 97
3 98
3 103
3 104
3 116
3 118
3 119
3 121
3 125
3 139
3 143
3 164
3 196
3 198
3 200
3 206
3 207
3 208
3 210
3 211
3 212
3 221
3 223
3 227
3 257
3 261
4 2
4 84
4 89
4 91
4 112
4 114
4 169
4 176
4 198
4 200
4 203
4 205
4 209
4 210
4 221
4 229
5 26
5 72
5 85
5 87
5 91
5 93
5 98
5 102
5 104
5 105
5 109
5 132
5 137
5 164
5 173
5 185
5 196
5 198
5 200
5 205
5 206
5 210
5 211
5 212
5 223
5 227
6 25
6 51
6 112
6 197
6 229
7 90
7 99
7 101
7 104
7 109
7 116
7 207
7 208
7 223
8 59
8 96
8 103
8 119
8 211
9 14
9 49
9 70
9 71
9 85
9 98
9 102
9 103
9 104
9 119
9 123
9 145
9 200
9 223
9 228
9 229
10 25
10 242
12 50
12 52
12 55
12 74
13 242
13 253
14 6
14 28
14 35
14 56
14 57
14 117
14 119
14 203
15 17
15 18
15 30
15 35
15 77
15 138
15 244
16 17
16 66
16 241
17 136
17 158
17 218
17 241
18 58
18 60
18 61
18 72
18 161
18 221
18 228
19 57
20 15
20 31
20 35
20 138
20 153
20 238
21 55
22 34
22 91
22 114
22 186
22 210
22 229
22 247
23 77
23 88
23 96
23 133
23 206
23 210
23 221
23 222
24 73
24 103
24 124
24 131
24 137
24 138
24 139
24 140
24 197
24 203
24 241
24 249
25 39
25 48
26 24
26 83
26 92
26 93
26 94
26 117
26 119
26 124
26 132
26 137
26 155
26 177
26 195
26 197
26 199
26 201
26 204
26 205
26 216
27 3
27 24
27 70
27 76
27 85
27 87
27 90
27 91
27 96
27 97
27 99
27 100
27 102
27 104
27 110
27 124
27 133
27 138
27 139
27 140
27 146
27 158
27 172
27 196
27 200
27 206
27 207
27 208
27 210
27 211
27 223
27 230
27 241
28 6
28 25
28 35
28 50
28 57
28 61
28 153
28 242
29 83
29 88
29 93
29 96
29 99
29 101
29 103
29 105
29 196
29 200
29 208
29 223
30 13
30 138
31 21
31 41
31 52
31 259
32 73
32 239
33 55
33 72
33 96
33 119
33 138
33 141
33 149
33 156
33 159
33 216
33 263
34 11
34 14
34 66
34 74
34 138
35 14
35 15
35 16
35 25
35 53
35 61
35 74
35 78
35 134
35 135
35 136
35 138
36 97
36 98
36 99
36 101
36 103
36 119
36 131
36 221
36 222
37 32
37 34
38 239
39 25
39 35
40 43
40 48
40 58
40 60
40 69
40 85
40 94
40 96
40 98
40 102
40 103
40 104
40 106
40 110
40 112
40 115
40 116
40 121
40 122
40 140
40 143
40 149
40 159
40 163
40 180
40 186
40 196
40 201
40 205
40 206
40 208
40 211
40 212
40 221
40 227
40 261
41 61
42 9
42 27
42 94
42 136
43 38
43 82
43 83
43 91
43 105
43 106
43 108
43 111
43 112
43 113
43 114
43 126
43 170
43 173
43 180
43 184
43 203
43 211
43 217
43 222
43 223
43 227
43 229
43 230
43 262
45 76
45 105
45 106
45 109
45 112
45 114
45 121
45 122
45 139
45 157
45 159
45 173
45 185
45 200
45 261
46 94
47 71
47 106
47 109
47 120
47 122
47 154
47 169
47 180
47 209
48 84
48 112
48 201
48 258
50 28
50 44
50 57
51 90
54 52
55 19
55 152
56 15
56 58
57 25
57 51
57 52
58 60
59 72
59 79
59 82
59 85
59 91
59 100
59 107
59 110
59 124
59 125
59 126
59 128
59 133
59 141
59 144
59 146
59 157
59 159
59 186
59 194
59 200
59 224
59 227
59 231
59 244
59 249
59 256
60 55
61 44
61 48
61 55
62 17
62 132
62 141
62 147
62 238
63 233
64 26
64 43
64 124
64 183
65 6
65 10
65 19
65 28
65 35
65 89
65 101
65 108
65 112
65 127
65 212
65 217
65 233
66 0
66 19
66 22
66 26
66 57
66 83
66 85
66 88
66 89
66 91
66 92
66 114
66 122
66 155
66 197
66 198
66 206
66 225
67 241
68 69
68 79
68 118
68 128
68 129
68 130
68 137
68 144
68 145
68 148
68 155
68 160
68 161
68 177
68 230
68 231
68 234
68 243
68 244
69 42
69 72
69 98
69 118
69 119
69 124
69 125
69 128
69 132
69 133
69 134
69 136
69 137
69 138
69 139
69 142
69 155
69 160
69 161
69 190
69 216
69 219
69 224
69 225
69 226
69 227
69 231
69 232
69 235
70 103
70 105
70 124
70 128
70 132
70 134
70 136
70 137
70 139
70 140
70 142
70 153
70 158
70 160
70 200
70 231
70 232
70 234
70 236
70 237
70 241
70 243
71 42
71 93
71 103
71 118
71 128
71 132
71 133
71 136
71 137
71 139
71 155
71 161
71 212
71 221
71 225
71 231
71 232
71 235
71 236
71 237
71 238
71 241
71 243
72 92
72 118
72 124
72 125
72 128
72 132
72 134
72 135
72 136
72 137
72 138
72 139
72 142
72 155
72 160
72 161
72 184
72 222
72 225
72 226
72 231
72 232
72 234
72 235
72 243
73 78
73 132
73 135
73 136
73 139
73 150
73 158
73 235
74 75
74 153
74 238
75 133
75 135
75 138
75 140
75 153
75 158
75 160
75 232
75 238
75 241
76 52
76 135
76 138
76 140
76 142
76 153
76 158
76 241
77 42
77 133
77 139
77 219
78 32
78 128
78 135
78 136
78 137
78 138
78 140
78 142
78 155
78 158
78 185
78 238
78 241
78 243
79 119
79 156
79 224
79 225
79 245
80 81
80 154
80 263
82 3
82 5
82 27
82 36
82 40
82 47
82 71
82 72
82 85
82 86
82 87
82 89
82 91
82 93
82 94
82 100
82 101
82 102
82 103
82 104
82 105
82 106
82 107
82 109
82 111
82 112
82 114
82 116
82 126
82 169
82 170
82 175
82 184
82 186
82 196
82 205
82 208
82 210
82 212
82 227
82 229
83 0
83 1
83 3
83 4
83 5
83 43
83 70
83 84
83 86
83 88
83 91
83 92
83 93
83 94
83 95
83 96
83 102
83 109
83 112
83 117
83 119
83 122
83 150
83 151
83 166
83 168
83 171
83 172
83 173
83 177
83 181
83 195
83 196
83 198
83 199
83 200
83 208
83 210
83 211
83 229
84 4
84 5
84 83
84 89
84 92
84 93
84 94
84 95
84 112
84 195
84 196
84 197
84 198
84 199
84 201
84 202
84 203
84 204
84 205
84 210
84 212
84 223
84 229
85 1
85 3
85 5
85 27
85 40
85 70
85 71
85 72
85 82
85 83
85 86
85 87
85 88
85 89
85 90
85 91
85 93
85 94
85 96
85 97
85 102
85 104
85 107
85 110
85 112
85 114
85 116
85 121
85 128
85 130
85 139
85 141
85 142
85 144
85 168
85 169
85 172
85 175
85 196
85 200
85 210
86 0
86 1
86 2
86 3
86 8
86 65
86 69
86 71
86 79
86 83
86 85
86 87
86 90
86 93
86 94
86 95
86 96
86 97
86 112
86 114
86 119
86 124
86 125
86 134
86 137
86 195
86 196
86 198
86 200
86 203
86 206
86 210
86 229
87 2
87 3
87 4
87 5
87 23
87 27
87 36
87 43
87 70
87 72
87 82
87 83
87 84
87 85
87 86
87 88
87 90
87 91
87 93
87 94
87 96
87 97
87 99
87 100
87 102
87 103
87 105
87 109
87 110
87 111
87 112
87 114
87 115
87 121
87 142
87 163
87 169
87 170
87 175
87 180
87 185
87 196
87 200
87 206
87 208
87 211
87 220
87 223
87 227
87 257
87 259
88 0
88 1
88 2
88 3
88 4
88 5
88 27
88 82
88 83
88 84
88 85
88 86
88 87
88 89
88 91
88 93
88 94
88 95
88 96
88 97
88 102
88 103
88 105
88 114
88 166
88 169
88 172
88 196
88 198
88 200
88 208
88 257
89 4
89 43
89 45
89 47
89 84
89 85
89 91
89 95
89 102
89 106
89 111
89 112
89 114
89 115
89 117
89 127
89 150
89 169
89 170
89 173
89 196
89 198
89 199
89 203
89 205
89 212
89 259
90 2
90 3
90 5
90 27
90 70
90 72
90 83
90 85
90 86
90 87
90 88
90 91
90 93
90 94
90 96
90 97
90 99
90 100
90 103
90 104
90 110
90 112
90 124
90 163
90 167
90 196
90 200
90 206
90 211
90 229
90 233
91 2
91 3
91 4
91 5
91 24
91 45
91 69
91 70
91 71
91 82
91 83
91 84
91 85
91 87
91 88
91 89
91 90
91 93
91 94
91 96
91 97
91 102
91 114
91 117
91 124
91 126
91 127
91 130
91 131
91 132
91 137
91 145
91 155
91 161
91 165
91 172
91 178
91 181
91 196
91 200
91 203
91 205
91 233
91 245
91 257
92 4
92 72
92 83
92 84
92 89
92 95
92 195
92 197
92 199
92 203
92 256
92 258
93 0
93 1
93 3
93 4
93 26
93 42
93 69
93 70
93 71
93 72
93 82
93 83
93 84
93 85
93 86
93 88
93 89
93 91
93 92
93 94
93 95
93 96
93 97
93 102
93 103
93 114
93 122
93 163
93 171
93 172
93 175
93 190
93 195
93 196
93 197
93 198
93 201
93 211
93 212
93 223
93 226
93 249
93 251
93 256
94 0
94 3
94 23
94 69
94 70
94 71
94 72
94 83
94 84
94 85
94 86
94 88
94 92
94 93
94 95
94 96
94 97
94 98
94 103
94 104
94 112
94 118
94 124
94 125
94 127
94 128
94 130
94 134
94 137
94 142
94 161
94 164
94 171
94 186
94 199
94 201
94 202
94 203
94 205
94 206
94 209
94 211
94 224
94 229
95 4
95 83
95 84
95 89
95 90
95 92
95 93
95 114
95 201
95 203
95 204
96 3
96 5
96 24
96 70
96 85
96 86
96 87
96 88
96 90
96 91
96 93
96 94
96 95
96 97
96 99
96 102
96 114
96 124
96 125
96 137
96 142
96 161
96 168
96 169
96 187
96 196
96 200
96 206
97 1
97 2
97 3
97 8
97 9
97 24
97 27
97 69
97 71
97 72
97 82
97 85
97 86
97 90
97 96
97 98
97 99
97 100
97 102
97 103
97 104
97 116
97 125
97 162
97 163
97 164
97 165
97 167
97 168
97 169
97 170
97 172
97 177
97 185
97 190
97 198
98 1
98 2
98 3
98 4
98 5
98 9
98 23
98 27
98 43
98 45
98 65
98 69
98 70
98 71
98 72
98 83
98 84
98 85
98 86
98 88
98 89
98 90
98 91
98 93
98 94
98 96
98 97
98 100
98 101
98 102
98 103
98 105
98 107
98 109
98 110
98 112
98 114
98 117
98 121
98 124
98 125
98 128
98 130
98 150
98 155
98 169
98 182
98 185
98 186
98 196
98 198
98 203
98 206
98 208
98 210
98 223
98 227
99 1
99 2
99 3
99 5
99 9
99 27
99 40
99 70
99 82
99 85
99 86
99 87
99 88
99 90
99 91
99 93
99 96
99 97
99 102
99 103
99 104
99 105
99 112
99 118
99 142
99 162
99 165
99 167
99 170
99 172
99 177
99 178
99 186
99 196
99 200
99 228
100 29
100 43
100 85
100 87
100 90
100 91
100 96
100 97
100 99
100 101
100 102
100 103
100 105
100 106
100 108
100 109
100 110
100 111
100 113
100 115
100 175
100 182
100 185
100 186
100 200
100 208
100 211
100 227
101 29
101 36
101 43
101 45
101 65
101 69
101 72
101 85
101 87
101 90
101 98
101 99
101 100
101 103
101 104
101 105
101 108
101 109
101 111
101 112
101 115
101 116
101 119
101 172
101 183
101 184
101 196
101 207
101 208
101 210
101 211
101 212
101 223
101 230
102 1
102 2
102 3
102 5
102 9
102 40
102 69
102 70
102 72
102 83
102 85
102 87
102 88
102 89
102 90
102 91
102 93
102 94
102 96
102 97
102 98
102 99
102 100
102 104
102 105
102 110
102 113
102 118
102 120
102 123
102 136
102 139
102 142
102 144
102 157
102 160
102 162
102 170
102 172
102 173
102 196
102 200
102 208
102 220
102 223
102 256
102 257
103 1
103 2
103 3
103 27
103 36
103 40
103 43
103 45
103 47
103 69
103 71
103 72
103 85
103 86
103 87
103 90
103 91
103 93
103 94
103 96
103 97
103 98
103 100
103 102
103 104
103 105
103 108
103 109
103 110
103 112
103 114
103 118
103 119
103 124
103 125
103 127
103 131
103 134
103 136
103 137
103 155
103 161
103 164
103 170
103 196
103 198
103 200
103 205
103 206
103 210
103 211
104 1
104 3
104 5
104 27
104 29
104 40
104 69
104 72
104 82
104 85
104 88
104 89
104 93
104 96
104 97
104 98
104 99
104 102
104 103
104 107
104 162
104 164
104 169
104 172
104 198
104 206
104 208
105 1
105 3
105 4
105 5
105 9
105 23
105 27
105 40
105 43
105 45
105 69
105 70
105 71
105 72
105 82
105 84
105 85
105 86
105 87
105 88
105 89
105 90
105 93
105 94
105 96
105 97
105 98
105 99
105 100
105 102
105 103
105 104
105 107
105 110
105 111
105 112
105 114
105 116
105 118
105 169
105 170
105 171
105 175
105 177
105 178
105 180
105 187
105 196
105 198
105 200
105 201
105 203
105 206
105 208
105 211
105 212
105 227
105 233
106 40
106 43
106 45
106 47
106 70
106 85
106 87
106 89
106 98
106 100
106 101
106 103
106 104
106 105
106 107
106 108
106 109
106 111
106 112
106 113
106 114
106 115
106 119
106 122
106 173
106 175
106 182
106 196
106 198
106 208
106 209
106 211
106 223
106 227
107 40
107 46
107 72
107 82
107 97
107 98
107 100
107 101
107 102
107 104
107 105
107 106
107 109
107 110
107 111
107 115
107 162
107 178
107 187
107 200
107 208
107 227
108 36
108 43
108 45
108 47
108 98
108 101
108 103
108 106
108 107
108 109
108 112
108 119
108 122
108 190
108 211
108 212
108 221
108 223
108 227
108 230
109 1
109 2
109 5
109 36
109 37
109 40
109 43
109 45
109 47
109 72
109 82
109 83
109 85
109 86
109 87
109 88
109 89
109 90
109 93
109 94
109 96
109 97
109 98
109 99
109 100
109 101
109 102
109 103
109 104
109 105
109 106
109 107
109 108
109 110
109 111
109 112
109 113
109 114
109 115
109 116
109 119
109 122
109 126
109 145
109 167
109 170
109 173
109 177
109 180
109 182
109 188
109 190
109 196
109 198
109 200
109 206
109 208
109 210
109 211
109 221
109 223
109 227
109 230
109 257
109 259
109 261
110 2
110 5
110 7
110 8
110 27
110 29
110 43
110 59
110 70
110 82
110 85
110 87
110 90
110 91
110 97
110 98
110 99
110 100
110 101
110 102
110 103
110 104
110 105
110 107
110 111
110 112
110 113
110 114
110 118
110 119
110 123
110 124
110 126
110 132
110 133
110 145
110 172
110 173
110 177
110 182
110 184
110 186
110 200
110 208
110 227
110 230
111 40
111 43
111 45
111 47
111 71
111 72
111 82
111 89
111 98
111 105
111 106
111 107
111 108
111 109
111 112
111 113
111 114
111 169
111 182
111 185
111 186
111 196
111 200
111 208
111 209
111 211
112 4
112 24
112 43
112 45
112 47
112 69
112 70
112 72
112 83
112 86
112 88
112 89
112 91
112 93
112 94
112 96
112 98
112 102
112 104
112 105
112 107
112 108
112 109
112 114
112 115
112 117
112 118
112 121
112 124
112 126
112 127
112 130
112 132
112 133
112 137
112 139
112 142
112 161
112 170
112 190
112 196
112 198
112 200
112 201
112 203
112 205
112 206
112 208
112 210
112 211
112 212
112 216
112 217
112 221
112 227
112 229
112 233
113 43
113 45
113 70
113 100
113 101
113 102
113 105
113 106
113 109
113 111
113 121
113 146
113 182
113 186
113 211
113 223
113 227
114 0
114 1
114 2
114 3
114 4
114 5
114 69
114 70
114 71
114 72
114 82
114 83
114 84
114 85
114 86
114 88
114 89
114 90
114 91
114 93
114 94
114 96
114 102
114 105
114 112
114 117
114 139
114 163
114 164
114 167
114 169
114 171
114 172
114 173
114 175
114 177
114 196
114 200
114 205
114 208
114 211
114 223
114 227
114 229
114 230
114 257
114 259
115 36
115 47
115 71
115 72
115 98
115 100
115 101
115 103
115 106
115 107
115 108
115 109
115 110
115 111
115 112
115 113
115 116
115 119
115 121
115 182
115 186
115 206
115 208
115 216
115 223
115 227
115 230
116 40
116 82
116 86
116 98
116 99
116 102
116 103
116 104
116 105
116 107
116 110
116 126
116 169
116 170
116 177
116 178
116 185
116 188
116 200
116 212
117 70
117 71
117 72
117 106
117 108
117 110
117 112
117 118
117 120
117 122
117 124
117 127
117 128
117 130
117 131
117 132
117 136
117 137
117 139
117 150
117 155
117 156
117 161
117 186
117 195
117 202
117 211
117 212
117 216
117 217
117 218
117 219
117 222
117 223
117 227
117 229
117 233
117 262
118 59
118 65
118 69
118 70
118 71
118 72
118 101
118 116
118 117
118 119
118 121
118 124
118 127
118 128
118 130
118 132
118 134
118 137
118 139
118 155
118 207
118 215
118 221
118 223
118 230
119 2
119 26
119 64
119 69
119 70
119 71
119 72
119 83
119 85
119 86
119 87
119 90
119 93
119 96
119 97
119 103
119 109
119 112
119 117
119 118
119 124
119 125
119 126
119 128
119 132
119 134
119 136
119 137
119 139
119 142
119 144
119 155
119 160
119 161
119 165
119 196
119 207
119 216
119 217
119 240
120 64
120 69
120 71
120 72
120 79
120 117
120 118
120 121
120 126
120 130
120 139
120 189
120 229
121 40
121 43
121 45
121 47
121 59
121 69
121 70
121 71
121 72
121 79
121 86
121 94
121 96
121 100
121 102
121 103
121 107
121 112
121 115
121 118
121 119
121 120
121 123
121 126
121 130
121 132
121 134
121 136
121 137
121 141
121 142
121 144
121 145
121 146
121 155
121 157
121 160
121 162
121 177
121 178
121 187
121 189
121 209
121 217
121 218
121 227
121 233
122 43
122 45
122 47
122 65
122 69
122 71
122 72
122 89
122 106
122 115
122 117
122 120
122 121
122 169
122 212
122 218
122 220
122 223
122 262
123 2
123 5
123 33
123 40
123 63
123 70
123 71
123 72
123 85
123 97
123 98
123 99
123 102
123 105
123 107
123 108
123 110
123 121
123 126
123 130
123 141
123 144
123 145
123 146
123 159
123 160
123 162
123 177
123 178
123 182
123 217
124 27
124 65
124 69
124 70
124 71
124 72
124 90
124 96
124 103
124 117
124 118
124 125
124 131
124 132
124 134
124 137
124 139
124 142
124 155
124 160
124 175
124 196
124 223
124 225
124 226
124 227
124 228
124 229
124 236
125 69
125 71
125 72
125 101
125 103
125 112
125 119
125 124
125 128
125 132
125 137
125 139
125 142
125 160
125 161
126 27
126 40
126 45
126 59
126 69
126 70
126 72
126 79
126 82
126 85
126 87
126 100
126 102
126 105
126 110
126 112
126 114
126 121
126 123
126 125
126 128
126 131
126 132
126 141
126 143
126 144
126 145
126 146
126 150
126 154
126 155
126 156
126 159
126 160
126 161
126 177
126 178
126 183
126 189
126 205
126 232
126 234
126 245
127 46
127 65
127 100
127 106
127 109
127 112
127 117
127 119
127 122
127 180
127 182
127 209
127 218
127 222
127 223
127 228
127 229
127 233
128 42
128 69
128 70
128 71
128 72
128 117
128 121
128 132
128 134
128 136
128 139
128 142
128 145
128 160
128 190
128 218
128 220
128 221
128 222
128 225
128 227
128 228
128 229
128 230
128 232
128 234
129 119
129 148
129 159
130 69
130 70
130 71
130 72
130 117
130 118
130 125
130 127
130 128
130 131
130 132
130 139
130 142
130 155
130 187
130 219
130 222
130 223
130 225
130 229
130 233
130 236
130 245
131 43
131 65
131 69
131 72
131 98
131 101
131 103
131 108
131 109
131 112
131 119
131 120
131 121
131 122
131 124
131 126
131 127
131 217
131 221
131 230
132 59
132 69
132 70
132 71
132 72
132 85
132 91
132 103
132 117
132 118
132 124
132 125
132 128
132 130
132 137
132 139
132 155
132 223
132 225
132 230
132 232
132 236
132 262
133 69
133 70
133 71
133 72
133 121
133 123
133 124
133 134
133 135
133 229
133 230
134 42
134 69
134 71
134 72
134 76
134 103
134 118
134 124
134 137
134 142
134 223
134 228
134 229
134 230
135 75
135 76
135 78
135 124
135 140
135 153
136 42
136 69
136 70
136 71
136 72
136 121
136 123
136 134
136 139
136 142
136 207
136 214
136 215
136 223
136 227
136 230
137 64
137 69
137 70
137 71
137 72
137 109
137 112
137 117
137 118
137 119
137 121
137 124
137 125
137 131
137 135
137 139
137 140
137 146
137 161
137 212
137 216
137 223
137 225
137 229
137 230
138 32
138 61
138 66
138 73
138 74
138 75
138 76
138 77
138 78
138 135
138 140
139 59
139 69
139 70
139 71
139 72
139 118
139 121
139 124
139 128
139 129
139 132
139 134
139 137
139 209
139 229
139 262
140 32
140 66
140 70
140 73
140 75
140 76
140 78
140 135
140 138
141 33
141 40
141 45
141 68
141 71
141 72
141 86
141 103
141 116
141 118
141 119
141 121
141 123
141 125
141 126
141 128
141 129
141 133
141 144
141 145
141 156
141 157
141 159
141 161
141 180
141 189
141 217
141 229
141 232
142 70
142 71
142 112
142 117
142 124
142 125
142 132
142 137
142 145
142 216
142 220
142 224
142 229
142 237
142 242
143 72
143 101
143 127
143 128
143 129
143 146
143 147
143 149
143 150
143 151
143 154
143 157
143 159
143 180
143 194
143 229
143 243
144 2
144 40
144 70
144 72
144 91
144 97
144 99
144 102
144 121
144 123
144 124
144 126
144 141
144 143
144 145
144 146
144 147
144 155
144 156
144 159
144 160
144 165
144 172
144 187
144 200
144 236
145 59
145 70
145 72
145 126
145 129
145 142
145 143
145 144
145 146
145 147
145 148
145 149
145 157
145 159
145 177
145 194
145 245
146 117
146 121
146 123
146 124
146 129
146 143
146 144
146 145
146 148
146 149
146 150
146 154
146 156
146 159
146 194
147 70
147 141
147 143
147 144
147 145
147 149
147 151
147 157
147 159
147 160
147 192
147 194
148 121
148 157
148 200
149 33
149 77
149 79
149 80
149 81
149 123
149 126
149 129
149 135
149 136
149 141
149 143
149 144
149 145
149 146
149 147
149 148
149 150
149 151
149 154
149 156
149 157
149 159
149 194
149 222
149 232
150 79
150 98
150 129
150 143
150 144
150 146
150 147
150 151
150 154
150 157
150 186
151 148
152 156
153 75
153 76
153 135
153 229
153 239
153 242
154 143
154 148
154 149
154 151
154 156
155 64
155 69
155 71
155 72
155 103
155 117
155 119
155 121
155 142
155 207
155 209
155 217
155 221
155 223
155 229
155 230
156 143
156 144
156 146
156 150
156 152
156 154
157 33
157 59
157 70
157 72
157 79
157 123
157 126
157 130
157 134
157 143
157 144
157 145
157 146
157 147
157 148
157 149
157 150
157 154
157 156
157 159
157 160
157 161
157 194
157 244
158 32
158 61
158 73
158 74
158 75
158 76
158 78
158 135
158 138
158 140
158 142
158 241
159 33
159 59
159 70
159 71
159 72
159 79
159 121
159 123
159 126
159 130
159 136
159 141
159 143
159 144
159 145
159 146
159 149
159 156
159 157
159 182
159 189
159 194
159 225
159 245
160 69
160 70
160 71
160 72
160 103
160 124
160 125
160 128
160 132
160 137
160 139
160 161
160 225
160 232
160 236
161 69
161 70
161 71
161 72
161 118
161 119
161 121
161 122
161 124
161 125
161 128
161 132
161 136
161 137
161 142
161 160
161 207
161 216
161 221
161 222
161 223
161 225
161 228
161 230
161 236
162 97
162 114
162 176
162 179
162 183
162 186
162 190
162 199
162 200
162 206
162 208
162 210
162 212
162 214
162 217
162 219
162 227
162 232
162 259
163 162
163 172
163 173
163 175
163 177
163 179
163 181
163 198
163 201
163 206
163 210
163 211
163 212
163 221
163 222
163 229
163 230
163 261
164 85
164 86
164 114
164 170
164 173
164 186
164 190
164 196
164 198
164 200
164 203
164 206
164 207
164 208
164 210
164 211
164 212
164 221
164 227
165 85
165 98
165 102
165 108
165 172
165 178
165 196
165 200
165 203
165 208
165 210
165 211
165 222
165 223
165 227
165 233
166 83
166 92
166 94
166 95
166 176
166 190
166 199
166 247
166 250
167 2
167 5
167 27
167 40
167 42
167 43
167 47
167 70
167 85
167 87
167 99
167 100
167 112
167 113
167 114
167 121
167 139
167 145
167 169
167 170
167 173
167 175
167 178
167 186
167 190
167 196
167 198
167 200
167 206
167 208
167 211
167 212
167 222
167 223
167 227
167 229
167 230
168 27
168 175
168 196
168 203
168 206
168 208
168 210
168 211
169 89
169 92
169 103
169 109
169 112
169 117
169 119
169 164
169 170
169 181
169 183
169 203
169 205
169 207
169 209
169 210
169 212
169 217
169 221
169 223
169 225
169 228
169 261
170 85
170 86
170 96
170 103
170 114
170 119
170 121
170 125
170 161
170 164
170 169
170 180
170 196
170 198
170 199
170 200
170 205
170 206
170 207
170 209
170 212
170 216
170 219
170 220
170 221
170 228
170 229
170 232
170 234
170 244
170 261
171 1
171 2
171 27
171 43
171 45
171 47
171 69
171 70
171 71
171 72
171 82
171 84
171 86
171 87
171 88
171 89
171 92
171 93
171 94
171 95
171 96
171 97
171 98
171 99
171 102
171 106
171 111
171 117
171 121
171 127
171 134
171 139
171 145
171 146
171 149
171 150
171 162
171 163
171 173
171 175
171 186
171 187
171 195
171 198
171 201
171 203
171 205
171 206
171 211
171 227
171 229
171 233
171 247
171 257
172 85
172 86
172 184
172 186
172 196
172 198
172 200
172 203
172 208
172 210
172 211
172 221
172 223
172 227
172 230
173 64
173 97
173 99
173 103
173 109
173 114
173 118
173 119
173 124
173 125
173 139
173 142
173 155
173 169
173 182
173 183
173 184
173 185
173 196
173 198
173 200
173 205
173 206
173 207
173 210
173 211
173 212
173 217
173 218
173 219
173 220
173 221
173 222
173 223
173 225
173 227
173 228
173 229
173 230
173 233
173 245
173 246
174 82
174 84
174 91
174 94
174 95
174 96
174 98
174 100
174 101
174 104
174 105
174 109
174 111
174 112
174 118
174 131
174 200
174 205
174 211
174 251
174 261
175 85
175 87
175 94
175 96
175 101
175 102
175 112
175 113
175 130
175 162
175 163
175 177
175 179
175 181
175 182
175 183
175 184
175 186
175 187
175 195
175 196
175 200
175 203
175 205
175 206
175 210
175 211
175 212
175 219
175 221
175 223
175 224
175 225
175 226
175 234
175 236
175 244
175 259
175 260
175 262
176 23
176 82
176 83
176 84
176 85
176 86
176 90
176 91
176 92
176 93
176 94
176 95
176 98
176 99
176 102
176 103
176 104
176 105
176 107
176 109
176 110
176 112
176 114
176 115
176 116
176 119
176 166
176 183
176 190
176 195
176 196
176 198
176 200
176 203
176 205
176 212
176 223
176 247
176 251
177 45
177 85
177 91
177 97
177 98
177 99
177 114
177 119
177 169
177 173
177 179
177 181
177 183
177 185
177 198
177 200
177 206
177 208
177 210
177 211
177 212
177 217
177 221
177 227
177 230
178 83
178 114
178 116
178 165
178 168
178 173
178 181
178 196
178 200
178 203
178 208
178 211
178 221
178 223
178 227
178 230
179 65
179 69
179 87
179 96
179 98
179 99
179 100
179 101
179 103
179 104
179 105
179 106
179 107
179 108
179 109
179 110
179 115
179 118
179 122
179 123
179 124
179 125
179 126
179 128
179 131
179 132
179 136
179 139
179 146
179 169
179 200
179 205
179 206
179 211
179 212
179 227
179 233
179 234
180 119
180 122
180 123
180 128
180 130
180 132
180 136
180 137
180 139
180 161
180 185
180 186
180 190
180 216
180 217
180 221
180 222
180 224
180 228
180 229
180 230
181 5
181 64
181 82
181 85
181 87
181 88
181 91
181 93
181 99
181 102
181 106
181 107
181 110
181 111
181 113
181 114
181 126
181 163
181 165
181 172
181 173
181 175
181 178
181 182
181 195
181 196
181 203
181 204
181 205
181 206
181 208
181 210
181 211
181 212
181 223
181 227
181 229
181 230
181 259
181 261
182 63
182 86
182 141
182 151
182 166
182 184
182 202
182 203
182 207
182 210
182 211
182 217
182 220
182 228
182 230
182 231
182 233
182 234
182 236
182 257
182 259
182 262
183 69
183 82
183 85
183 86
183 89
183 90
183 93
183 97
183 98
183 100
183 102
183 103
183 104
183 105
183 106
183 107
183 109
183 110
183 111
183 112
183 113
183 114
183 115
183 116
183 117
183 119
183 125
183 130
183 131
183 132
183 136
183 139
183 143
183 146
183 157
183 166
183 174
183 190
183 233
183 244
184 63
184 64
184 72
184 99
184 103
184 108
184 114
184 119
184 124
184 126
184 129
184 132
184 139
184 155
184 160
184 161
184 169
184 173
184 180
184 182
184 190
184 198
184 200
184 207
184 212
184 217
184 221
184 223
184 225
184 227
184 229
184 230
184 233
184 234
184 236
184 245
184 262
185 43
185 85
185 96
185 103
185 109
185 114
185 117
185 119
185 123
185 124
185 139
185 163
185 171
185 173
185 179
185 180
185 184
185 186
185 190
185 196
185 198
185 199
185 200
185 201
185 203
185 206
185 207
185 210
185 211
185 212
185 217
185 221
185 225
185 227
185 228
185 229
185 230
185 257
186 45
186 64
186 103
186 114
186 119
186 124
186 129
186 134
186 137
186 142
186 155
186 160
186 161
186 169
186 170
186 175
186 180
186 184
186 185
186 190
186 196
186 198
186 205
186 206
186 207
186 212
186 214
186 217
186 219
186 221
186 223
186 224
186 225
186 226
186 228
186 229
186 230
186 231
186 233
186 234
186 245
186 262
187 63
187 99
187 121
187 177
187 182
187 184
187 198
187 205
187 206
187 208
187 211
187 223
187 230
188 70
188 100
188 101
188 106
188 108
188 112
188 113
188 117
188 118
188 121
188 123
188 125
188 130
188 132
188 136
188 141
188 146
188 147
188 150
188 161
188 174
188 182
188 186
188 216
188 221
189 96
189 97
189 99
189 130
189 142
189 144
189 185
189 206
189 212
189 217
189 230
189 262
190 104
190 119
190 125
190 139
190 159
190 164
190 180
190 184
190 185
190 192
190 200
190 216
190 219
190 224
190 225
190 226
190 228
190 234
190 235
190 243
190 244
191 94
191 100
191 119
191 120
191 121
191 123
191 126
191 150
191 179
191 261
191 262
192 82
192 85
192 87
192 96
192 98
192 99
192 100
192 101
192 102
192 105
192 108
192 109
192 110
192 111
192 112
192 115
192 118
192 123
192 126
192 128
192 129
192 130
192 136
192 137
192 139
192 144
192 145
192 146
192 148
192 149
192 150
192 151
192 156
192 157
192 160
192 161
192 168
192 178
192 187
192 229
192 244
192 245
193 130
193 150
194 147
194 149
194 150
194 157
194 192
194 216
194 217
194 221
194 224
194 225
194 243
194 262
195 83
195 92
195 94
195 166
195 171
195 197
195 201
195 204
195 224
195 250
195 251
195 253
195 254
195 256
195 260
196 0
196 1
196 2
196 3
196 4
196 5
196 8
196 9
196 24
196 26
196 27
196 40
196 47
196 70
196 82
196 83
196 84
196 85
196 86
196 87
196 88
196 89
196 90
196 91
196 92
196 93
196 94
196 95
196 96
196 97
196 98
196 99
196 100
196 102
196 103
196 104
196 105
196 109
196 112
196 164
196 165
196 167
196 171
196 172
196 176
196 184
196 186
196 199
196 200
196 201
196 205
196 206
196 211
196 227
196 249
196 252
196 253
196 254
196 255
196 256
196 257
196 258
196 259
197 4
197 94
197 171
197 195
197 204
197 250
197 251
197 253
197 256
198 1
198 2
198 3
198 4
198 5
198 23
198 27
198 36
198 45
198 47
198 69
198 70
198 83
198 84
198 85
198 86
198 88
198 90
198 94
198 95
198 96
198 163
198 164
198 167
198 171
198 172
198 173
198 184
198 185
198 186
198 203
198 205
198 206
198 212
198 256
198 259
199 4
199 69
199 70
199 83
199 84
199 86
199 92
199 93
199 94
199 95
199 163
199 164
199 166
199 171
199 186
199 201
199 250
199 251
199 256
199 258
200 0
200 1
200 2
200 3
200 5
200 8
200 9
200 26
200 27
200 40
200 45
200 47
200 68
200 70
200 72
200 82
200 83
200 85
200 87
200 88
200 89
200 91
200 93
200 94
200 95
200 96
200 98
200 100
200 102
200 103
200 104
200 105
200 106
200 107
200 109
200 111
200 112
200 129
200 145
200 165
200 167
200 172
200 173
200 177
200 178
200 182
200 185
200 186
200 196
200 247
200 256
200 257
200 261
201 0
201 4
201 5
201 27
201 83
201 84
201 86
201 92
201 94
201 95
201 96
201 163
201 168
201 171
201 172
201 176
201 195
201 197
201 199
201 203
201 212
201 250
201 251
201 253
201 256
202 94
202 96
202 171
202 197
202 250
202 251
202 253
203 0
203 4
203 5
203 27
203 70
203 83
203 84
203 89
203 90
203 91
203 92
203 93
203 94
203 95
203 96
203 112
203 166
203 168
203 171
203 173
203 175
203 176
203 195
203 196
203 201
203 210
203 249
203 250
203 254
203 258
203 260
204 69
204 92
204 112
204 139
204 163
204 166
204 171
204 186
204 190
204 191
204 195
204 199
204 209
204 219
204 220
204 251
204 253
204 256
205 0
205 1
205 2
205 3
205 4
205 5
205 26
205 72
205 83
205 84
205 86
205 89
205 91
205 92
205 93
205 94
205 95
205 97
205 112
205 163
205 164
205 166
205 167
205 169
205 170
205 171
205 173
205 176
205 195
205 198
205 199
205 203
205 206
205 212
205 259
206 0
206 1
206 2
206 3
206 4
206 5
206 7
206 9
206 23
206 27
206 69
206 70
206 71
206 82
206 83
206 84
206 85
206 86
206 87
206 88
206 91
206 92
206 93
206 94
206 95
206 96
206 97
206 98
206 102
206 112
206 139
206 162
206 164
206 165
206 167
206 168
206 171
206 172
206 173
206 174
206 176
206 186
206 200
206 211
206 212
207 1
207 2
207 5
207 45
207 71
207 72
207 82
207 84
207 85
207 86
207 88
207 89
207 91
207 93
207 94
207 95
207 97
207 98
207 100
207 101
207 103
207 105
207 119
207 164
207 166
207 169
207 170
207 174
207 180
207 183
207 185
207 186
207 200
207 205
207 211
207 221
207 227
207 228
207 255
207 259
207 261
208 1
208 2
208 3
208 5
208 27
208 29
208 40
208 43
208 45
208 69
208 82
208 85
208 87
208 88
208 89
208 90
208 91
208 93
208 94
208 97
208 98
208 99
208 101
208 102
208 103
208 104
208 105
208 107
208 108
208 109
208 110
208 111
208 112
208 114
208 115
208 116
208 118
208 164
208 167
208 168
208 169
208 171
208 172
208 178
208 186
208 187
208 196
208 200
208 206
208 212
208 227
208 253
208 257
208 259
208 261
209 3
209 5
209 84
209 86
209 89
209 90
209 91
209 92
209 93
209 95
209 96
209 97
209 98
209 112
209 117
209 119
209 155
209 166
209 170
209 171
209 183
209 186
209 199
209 205
209 218
209 228
209 256
210 2
210 3
210 4
210 5
210 23
210 65
210 69
210 70
210 83
210 84
210 85
210 86
210 87
210 88
210 90
210 92
210 93
210 94
210 96
210 97
210 98
210 100
210 105
210 108
210 109
210 112
210 114
210 166
210 167
210 171
210 174
210 176
210 183
210 184
210 200
210 206
210 211
210 212
210 228
210 252
210 253
210 255
210 256
210 257
210 259
210 260
211 0
211 1
211 2
211 3
211 4
211 5
211 27
211 36
211 40
211 45
211 70
211 72
211 82
211 83
211 84
211 85
211 86
211 87
211 88
211 89
211 90
211 91
211 92
211 93
211 94
211 95
211 96
211 97
211 98
211 99
211 100
211 101
211 102
211 103
211 105
211 106
211 109
211 110
211 111
211 112
211 113
211 114
211 116
211 118
211 121
211 131
211 164
211 166
211 167
211 169
211 171
211 172
211 173
211 174
211 175
211 176
211 178
211 181
211 182
211 184
211 200
211 201
211 203
211 205
211 206
211 208
211 210
211 212
211 223
211 227
211 229
211 230
211 247
211 248
211 249
211 252
211 253
211 254
211 256
211 257
211 258
211 259
211 260
211 261
212 3
212 4
212 5
212 47
212 69
212 70
212 72
212 84
212 85
212 86
212 88
212 89
212 91
212 93
212 94
212 95
212 98
212 103
212 105
212 107
212 109
212 111
212 112
212 114
212 150
212 163
212 164
212 165
212 170
212 171
212 172
212 173
212 176
212 183
212 190
212 198
212 199
212 200
212 205
212 206
212 210
212 211
212 223
212 256
213 16
213 55
214 7
214 47
214 180
215 7
215 98
216 69
216 71
216 72
216 85
216 92
216 98
216 102
216 117
216 118
216 119
216 129
216 137
216 139
216 179
216 180
216 190
216 226
216 253
217 40
217 43
217 47
217 59
217 65
217 71
217 72
217 79
217 98
217 101
217 103
217 106
217 108
217 109
217 112
217 115
217 117
217 121
217 150
217 163
217 166
217 167
217 170
217 173
217 174
217 175
217 177
217 179
217 180
217 181
217 183
217 184
217 185
217 186
217 190
217 204
217 209
217 210
217 212
217 219
217 220
217 226
217 233
217 245
217 247
217 248
217 249
217 252
217 254
217 255
217 259
218 71
218 98
218 185
218 214
218 217
218 256
219 36
219 70
219 71
219 85
219 112
219 118
219 123
219 124
219 161
219 170
219 185
219 188
219 190
219 209
219 226
219 231
220 64
220 69
220 84
220 92
220 95
220 106
220 109
220 110
220 114
220 124
220 134
220 170
220 173
220 180
220 185
220 190
220 205
220 212
220 214
220 217
220 225
220 247
220 251
220 253
220 256
221 5
221 9
221 27
221 36
221 40
221 69
221 70
221 71
221 82
221 83
221 85
221 86
221 87
221 96
221 97
221 98
221 99
221 100
221 101
221 102
221 103
221 104
221 105
221 108
221 109
221 110
221 111
221 112
221 115
221 117
221 119
221 121
221 125
221 155
221 156
221 163
221 165
221 170
221 173
221 174
221 175
221 178
221 179
221 183
221 186
221 188
221 203
221 207
221 212
221 214
221 228
221 229
221 233
221 244
221 261
222 9
222 36
222 65
222 72
222 94
222 97
222 98
222 100
222 101
222 105
222 106
222 108
222 112
222 117
222 131
222 163
222 170
222 173
222 174
222 175
222 179
222 181
222 183
222 217
222 225
222 228
222 233
222 248
222 249
222 252
222 253
222 254
222 255
223 1
223 3
223 5
223 9
223 23
223 27
223 36
223 40
223 43
223 45
223 47
223 59
223 65
223 72
223 82
223 83
223 85
223 86
223 87
223 89
223 90
223 91
223 93
223 96
223 97
223 98
223 99
223 100
223 101
223 102
223 103
223 104
223 105
223 107
223 108
223 109
223 110
223 112
223 113
223 114
223 115
223 116
223 118
223 119
223 121
223 164
223 165
223 167
223 168
223 170
223 172
223 173
223 178
223 181
223 182
223 183
223 184
223 186
223 187
223 196
223 200
223 205
223 208
223 211
223 212
223 227
223 230
223 256
223 257
223 261
224 0
224 2
224 64
224 69
224 70
224 71
224 72
224 83
224 93
224 98
224 118
224 121
224 123
224 124
224 126
224 129
224 130
224 132
224 137
224 139
224 142
224 160
224 161
224 166
224 167
224 169
224 177
224 188
224 190
224 192
224 197
224 204
224 216
224 222
224 226
224 231
224 232
224 245
224 246
225 2
225 3
225 4
225 5
225 36
225 69
225 72
225 84
225 85
225 91
225 106
225 139
225 166
225 167
225 169
225 170
225 173
225 174
225 176
225 184
225 185
225 186
225 234
225 254
225 257
226 1
226 2
226 3
226 27
226 40
226 47
226 59
226 69
226 70
226 71
226 72
226 79
226 84
226 118
226 124
226 125
226 128
226 129
226 131
226 132
226 136
226 137
226 139
226 155
226 159
226 166
226 171
226 176
226 179
226 190
226 224
226 233
226 235
226 246
227 0
227 1
227 3
227 5
227 7
227 23
227 24
227 27
227 36
227 40
227 43
227 45
227 47
227 59
227 70
227 82
227 85
227 86
227 87
227 88
227 90
227 91
227 93
227 96
227 97
227 98
227 99
227 100
227 101
227 102
227 103
227 104
227 105
227 106
227 107
227 109
227 110
227 111
227 112
227 113
227 114
227 115
227 116
227 123
227 164
227 167
227 168
227 169
227 170
227 172
227 173
227 176
227 177
227 178
227 180
227 181
227 182
227 184
227 186
227 187
227 206
227 208
227 212
227 223
227 230
227 232
227 259
227 261
228 2
228 5
228 70
228 71
228 83
228 84
228 85
228 86
228 87
228 88
228 89
228 91
228 92
228 94
228 96
228 102
228 103
228 105
228 112
228 121
228 124
228 131
228 136
228 145
228 163
228 164
228 171
228 173
228 174
228 175
228 179
228 182
228 201
228 202
228 217
228 249
228 253
228 259
228 260
229 0
229 1
229 2
229 3
229 4
229 5
229 8
229 26
229 36
229 40
229 43
229 69
229 70
229 71
229 72
229 83
229 84
229 86
229 87
229 88
229 89
229 91
229 92
229 93
229 94
229 95
229 100
229 101
229 106
229 112
229 114
229 117
229 119
229 121
229 127
229 130
229 139
229 164
229 167
229 169
229 170
229 171
229 172
229 173
229 176
229 177
229 178
229 180
229 182
229 183
229 185
229 190
229 197
229 202
229 205
229 210
229 245
229 253
229 256
229 257
230 1
230 3
230 5
230 23
230 27
230 29
230 36
230 40
230 43
230 46
230 47
230 59
230 65
230 69
230 70
230 71
230 72
230 82
230 85
230 87
230 88
230 89
230 96
230 97
230 98
230 99
230 100
230 101
230 102
230 103
230 104
230 105
230 106
230 107
230 109
230 110
230 111
230 112
230 113
230 114
230 115
230 116
230 118
230 119
230 121
230 123
230 126
230 128
230 131
230 134
230 136
230 165
230 167
230 170
230 172
230 176
230 177
230 178
230 180
230 181
230 184
230 185
230 186
230 187
230 189
230 196
230 200
230 205
230 206
230 208
230 223
230 227
230 228
230 229
230 245
230 249
230 257
230 261
230 262
231 24
231 27
231 69
231 70
231 71
231 72
231 85
231 106
231 120
231 121
231 129
231 132
231 134
231 137
231 166
231 171
231 175
231 176
231 190
231 232
231 262
232 42
232 69
232 70
232 71
232 72
232 85
232 106
232 112
232 121
232 124
232 131
232 132
232 136
232 137
232 139
232 160
232 166
232 176
232 186
232 190
232 224
232 226
232 231
233 24
233 43
233 85
233 106
233 130
233 132
233 143
233 171
233 173
233 176
233 180
233 184
233 185
233 186
233 188
233 198
233 219
233 232
233 244
234 3
234 69
234 70
234 71
234 99
234 118
234 129
234 130
234 134
234 137
234 161
234 166
234 175
234 190
234 225
234 233
234 236
235 69
235 72
235 79
235 190
236 24
236 69
236 70
236 137
236 142
236 161
236 175
237 133
237 134
237 135
238 6
238 16
238 17
238 19
238 51
238 62
238 73
238 74
238 78
239 38
241 55
241 73
241 74
241 75
241 76
241 78
241 138
241 140
242 11
242 13
242 28
242 49
242 52
242 76
242 77
242 138
243 3
243 69
243 70
243 71
243 72
243 91
243 98
243 100
243 102
243 118
243 121
243 128
243 132
243 134
243 136
243 137
243 139
243 154
243 156
243 161
243 185
243 190
243 230
244 70
244 84
244 113
244 133
244 175
244 245
245 1
245 23
245 27
245 36
245 43
245 45
245 70
245 85
245 87
245 101
245 107
245 113
245 114
245 115
245 118
245 144
245 145
245 160
245 167
245 170
245 171
245 179
245 180
245 182
245 184
245 192
245 206
245 236
245 249
246 126
246 144
246 182
246 185
246 186
247 70
247 72
247 163
247 169
247 184
247 186
247 187
247 190
247 248
247 249
247 257
248 26
248 70
248 168
248 201
248 247
248 249
248 251
248 252
248 254
248 255
249 70
249 82
249 247
250 2
250 247
250 248
250 249
250 252
250 257
251 83
251 84
251 90
251 93
251 94
251 96
251 163
251 166
251 168
251 169
251 195
251 201
251 202
251 204
251 250
251 255
252 27
252 70
252 162
252 163
252 165
252 247
252 251
253 3
253 43
253 83
253 97
253 162
253 164
253 168
253 170
253 185
253 187
253 190
253 201
253 247
253 249
253 251
253 252
253 255
254 5
254 43
254 70
254 247
254 249
254 250
254 257
255 248
255 249
255 257
256 162
256 163
256 173
256 185
256 186
256 204
256 249
256 255
257 43
257 69
257 70
257 72
257 82
257 102
257 110
257 115
257 163
257 164
257 165
257 167
257 168
257 173
257 178
257 247
257 249
257 258
257 259
257 260
258 85
258 92
258 94
258 259
258 260
259 2
259 5
259 43
259 45
259 70
259 82
259 84
259 86
259 89
259 100
259 106
259 109
259 115
259 166
259 167
259 175
259 204
259 249
259 258
260 4
260 5
260 70
260 83
260 86
260 90
260 93
260 94
260 175
260 200
260 203
260 248
260 251
260 252
260 257
260 259
261 82
261 101
261 103
261 105
261 106
261 107
261 109
261 110
261 111
261 115
261 116
261 119
261 169
261 170
261 172
261 183
261 184
261 188
261 217
262 70
262 71
262 72
262 100
262 101
262 106
262 107
262 108
262 109
262 112
262 121
262 123
262 154
262 157
262 228
262 229
262 233
262 246
263 33
263 146
263 149
263 150
263 151
263 154
263 159
263 246
