0 93
0 97
0 111
0 116
0 119
0 132
0 139
0 205
0 207
0 212
0 230
1 73
1 74
1 87
1 92
1 98
1 99
1 100
1 101
1 105
1 106
1 107
1 121
1 126
1 127
1 128
1 158
1 175
1 198
1 203
1 208
1 210
1 212
1 213
1 223
1 225
1 231
1 259
1 263
2 13
2 17
2 24
2 74
2 87
2 88
2 92
2 95
2 98
2 101
2 114
2 126
2 127
2 134
2 139
2 144
2 166
2 200
2 207
2 208
2 212
2 232
2 247
3 25
3 30
3 46
3 64
3 71
3 73
3 74
3 87
3 88
3 93
3 95
3 96
3 98
3 99
3 100
3 105
3 106
3 118
3 120
3 121
3 123
3 127
3 141
3 145
3 166
3 198
3 200
3 202
3 208
3 209
3 210
3 212
3 213
3 214
3 223
3 225
3 229
3 259
3 263
4 2
4 86
4 91
4 93
4 114
4 116
4 171
4 178
4 200
4 202
4 205
4 207
4 211
4 212
4 223
4 231
5 26
5 74
5 87
5 89
5 93
5 95
5 100
5 104
5 106
5 107
5 111
5 134
5 139
5 166
5 175
5 187
5 198
5 200
5 202
5 207
5 208
5 212
5 213
5 214
5 225
5 229
6 25
6 52
6 114
6 199
6 231
7 92
7 101
7 103
7 106
7 111
7 118
7 209
7 210
7 225
8 61
8 98
8 105
8 121
8 213
9 14
9 50
9 72
9 73
9 87
9 100
9 104
9 105
9 106
9 121
9 125
9 147
9 202
9 225
9 230
9 231
10 25
10 244
12 51
12 54
12 57
12 76
13 244
13 255
14 6
14 28
14 35
14 58
14 59
14 119
14 121
14 205
15 17
15 18
15 30
15 35
15 79
15 140
15 246
16 17
16 68
16 243
17 138
17 160
17 220
17 243
18 60
18 62
18 63
18 74
18 163
18 223
18 230
19 59
20 15
20 31
20 35
20 140
20 155
20 240
21 57
22 34
22 93
22 116
22 188
22 212
22 231
22 249
23 79
23 90
23 98
23 135
23 208
23 212
23 223
23 224
24 75
24 105
24 126
24 133
24 139
24 140
24 141
24 142
24 199
24 205
24 243
24 251
25 39
25 49
26 24
26 85
26 94
26 95
26 96
26 119
26 121
26 126
26 134
26 139
26 157
26 179
26 197
26 199
26 201
26 203
26 206
26 207
26 218
27 3
27 24
27 72
27 78
27 87
27 89
27 92
27 93
27 98
27 99
27 101
27 102
27 104
27 106
27 112
27 126
27 135
27 140
27 141
27 142
27 148
27 160
27 174
27 198
27 202
27 208
27 209
27 210
27 212
27 213
27 225
27 232
27 243
28 6
28 25
28 35
28 51
28 59
28 63
28 155
28 244
29 85
29 90
29 95
29 98
29 101
29 103
29 105
29 107
29 198
29 202
29 210
29 225
30 13
30 140
31 21
31 42
31 54
31 261
32 75
32 241
33 57
33 74
33 98
33 121
33 140
33 143
33 151
33 158
33 161
33 218
33 265
34 11
34 14
34 68
34 76
34 140
35 14
35 15
35 16
35 25
35 55
35 63
35 76
35 80
35 136
35 137
35 138
35 140
36 99
36 100
36 101
36 103
36 105
36 121
36 133
36 223
36 224
37 32
37 34
38 241
39 25
39 35
41 44
41 49
41 60
41 62
41 71
41 87
41 96
41 98
41 100
41 104
41 105
41 106
41 108
41 112
41 114
41 117
41 118
41 123
41 124
41 142
41 145
41 151
41 161
41 165
41 182
41 188
41 198
41 203
41 207
41 208
41 210
41 213
41 214
41 223
41 229
41 263
42 63
43 9
43 27
43 96
43 138
44 38
44 84
44 85
44 93
44 107
44 108
44 110
44 113
44 114
44 115
44 116
44 128
44 172
44 175
44 182
44 186
44 205
44 213
44 219
44 224
44 225
44 229
44 231
44 232
44 264
46 78
46 107
46 108
46 111
46 114
46 116
46 123
46 124
46 141
46 159
46 161
46 175
46 187
46 202
46 263
47 96
48 73
48 108
48 111
48 122
48 124
48 156
48 171
48 182
48 211
49 86
49 114
49 203
49 260
51 28
51 45
51 59
52 92
56 54
57 19
57 154
58 15
58 60
59 25
59 52
59 54
60 62
61 74
61 81
61 84
61 87
61 93
61 102
61 109
61 112
61 126
61 127
61 128
61 130
61 135
61 143
61 146
61 148
61 159
61 161
61 188
61 196
61 202
61 226
61 229
61 233
61 246
61 251
61 258
62 57
63 45
63 49
63 57
64 17
64 134
64 143
64 149
64 240
65 235
66 26
66 44
66 126
66 185
67 6
67 10
67 19
67 28
67 35
67 91
67 103
67 110
67 114
67 129
67 214
67 219
67 235
68 0
68 19
68 22
68 26
68 59
68 85
68 87
68 90
68 91
68 93
68 94
68 116
68 124
68 157
68 199
68 200
68 208
68 227
69 243
70 71
70 81
70 120
70 130
70 131
70 132
70 139
70 146
70 147
70 150
70 157
70 162
70 163
70 179
70 232
70 233
70 236
70 245
70 246
71 43
71 74
71 100
71 120
71 121
71 126
71 127
71 130
71 134
71 135
71 136
71 138
71 139
71 140
71 141
71 144
71 157
71 162
71 163
71 192
71 218
71 221
71 226
71 227
71 228
71 229
71 233
71 234
71 237
72 105
72 107
72 126
72 130
72 134
72 136
72 138
72 139
72 141
72 142
72 144
72 155
72 160
72 162
72 202
72 233
72 234
72 236
72 238
72 239
72 243
72 245
73 43
73 95
73 105
73 120
73 130
73 134
73 135
73 138
73 139
73 141
73 157
73 163
73 214
73 223
73 227
73 233
73 234
73 237
73 238
73 239
73 240
73 243
73 245
74 94
74 120
74 126
74 127
74 130
74 134
74 136
74 137
74 138
74 139
74 140
74 141
74 144
74 157
74 162
74 163
74 186
74 224
74 227
74 228
74 233
74 234
74 236
74 237
74 245
75 80
75 134
75 137
75 138
75 141
75 152
75 160
75 237
76 77
76 155
76 240
77 135
77 137
77 140
77 142
77 155
77 160
77 162
77 234
77 240
77 243
78 54
78 137
78 140
78 142
78 144
78 155
78 160
78 243
79 43
79 135
79 141
79 221
80 32
80 130
80 137
80 138
80 139
80 140
80 142
80 144
80 157
80 160
80 187
80 240
80 243
80 245
81 121
81 158
81 226
81 227
81 247
82 83
82 156
82 265
84 3
84 5
84 27
84 36
84 41
84 48
84 73
84 74
84 87
84 88
84 89
84 91
84 93
84 95
84 96
84 102
84 103
84 104
84 105
84 106
84 107
84 108
84 109
84 111
84 113
84 114
84 116
84 118
84 128
84 171
84 172
84 177
84 186
84 188
84 198
84 207
84 210
84 212
84 214
84 229
84 231
85 0
85 1
85 3
85 4
85 5
85 44
85 72
85 86
85 88
85 90
85 93
85 94
85 95
85 96
85 97
85 98
85 104
85 111
85 114
85 119
85 121
85 124
85 152
85 153
85 168
85 170
85 173
85 174
85 175
85 179
85 183
85 197
85 198
85 200
85 201
85 202
85 210
85 212
85 213
85 231
86 4
86 5
86 85
86 91
86 94
86 95
86 96
86 97
86 114
86 197
86 198
86 199
86 200
86 201
86 203
86 204
86 205
86 206
86 207
86 212
86 214
86 225
86 231
87 1
87 3
87 5
87 27
87 41
87 72
87 73
87 74
87 84
87 85
87 88
87 89
87 90
87 91
87 92
87 93
87 95
87 96
87 98
87 99
87 104
87 106
87 109
87 112
87 114
87 116
87 118
87 123
87 130
87 132
87 141
87 143
87 144
87 146
87 170
87 171
87 174
87 177
87 198
87 202
87 212
88 0
88 1
88 2
88 3
88 8
88 67
88 71
88 73
88 81
88 85
88 87
88 89
88 92
88 95
88 96
88 97
88 98
88 99
88 114
88 116
88 121
88 126
88 127
88 136
88 139
88 197
88 198
88 200
88 202
88 205
88 208
88 212
88 231
89 2
89 3
89 4
89 5
89 23
89 27
89 36
89 44
89 72
89 74
89 84
89 85
89 86
89 87
89 88
89 90
89 92
89 93
89 95
89 96
89 98
89 99
89 101
89 102
89 104
89 105
89 107
89 111
89 112
89 113
89 114
89 116
89 117
89 123
89 144
89 165
89 171
89 172
89 177
89 182
89 187
89 198
89 202
89 208
89 210
89 213
89 222
89 225
89 229
89 259
89 261
90 0
90 1
90 2
90 3
90 4
90 5
90 27
90 84
90 85
90 86
90 87
90 88
90 89
90 91
90 93
90 95
90 96
90 97
90 98
90 99
90 104
90 105
90 107
90 116
90 168
90 171
90 174
90 198
90 200
90 202
90 210
90 259
91 4
91 44
91 46
91 48
91 86
91 87
91 93
91 97
91 104
91 108
91 113
91 114
91 116
91 117
91 119
91 129
91 152
91 171
91 172
91 175
91 198
91 200
91 201
91 205
91 207
91 214
91 261
92 2
92 3
92 5
92 27
92 72
92 74
92 85
92 87
92 88
92 89
92 90
92 93
92 95
92 96
92 98
92 99
92 101
92 102
92 105
92 106
92 112
92 114
92 126
92 165
92 169
92 198
92 202
92 208
92 213
92 231
92 235
93 2
93 3
93 4
93 5
93 24
93 46
93 71
93 72
93 73
93 84
93 85
93 86
93 87
93 89
93 90
93 91
93 92
93 95
93 96
93 98
93 99
93 104
93 116
93 119
93 126
93 128
93 129
93 132
93 133
93 134
93 139
93 147
93 157
93 163
93 167
93 174
93 180
93 183
93 198
93 202
93 205
93 207
93 235
93 247
93 259
94 4
94 74
94 85
94 86
94 91
94 97
94 197
94 199
94 201
94 205
94 258
94 260
95 0
95 1
95 3
95 4
95 26
95 43
95 71
95 72
95 73
95 74
95 84
95 85
95 86
95 87
95 88
95 90
95 91
95 93
95 94
95 96
95 97
95 98
95 99
95 104
95 105
95 116
95 124
95 165
95 173
95 174
95 177
95 192
95 197
95 198
95 199
95 200
95 203
95 213
95 214
95 225
95 228
95 251
95 253
95 258
96 0
96 3
96 23
96 71
96 72
96 73
96 74
96 85
96 86
96 87
96 88
96 90
96 94
96 95
96 97
96 98
96 99
96 100
96 105
96 106
96 114
96 120
96 126
96 127
96 129
96 130
96 132
96 136
96 139
96 144
96 163
96 166
96 173
96 188
96 201
96 203
96 204
96 205
96 207
96 208
96 211
96 213
96 226
96 231
97 4
97 85
97 86
97 91
97 92
97 94
97 95
97 116
97 203
97 205
97 206
98 3
98 5
98 24
98 72
98 87
98 88
98 89
98 90
98 92
98 93
98 95
98 96
98 97
98 99
98 101
98 104
98 116
98 126
98 127
98 139
98 144
98 163
98 170
98 171
98 189
98 198
98 202
98 208
99 1
99 2
99 3
99 8
99 9
99 24
99 27
99 71
99 73
99 74
99 84
99 87
99 88
99 92
99 98
99 100
99 101
99 102
99 104
99 105
99 106
99 118
99 127
99 164
99 165
99 166
99 167
99 169
99 170
99 171
99 172
99 174
99 179
99 187
99 192
99 200
100 1
100 2
100 3
100 4
100 5
100 9
100 23
100 27
100 44
100 46
100 67
100 71
100 72
100 73
100 74
100 85
100 86
100 87
100 88
100 90
100 91
100 92
100 93
100 95
100 96
100 98
100 99
100 102
100 103
100 104
100 105
100 107
100 109
100 111
100 112
100 114
100 116
100 119
100 123
100 126
100 127
100 130
100 132
100 152
100 157
100 171
100 184
100 187
100 188
100 198
100 200
100 205
100 208
100 210
100 212
100 225
100 229
101 1
101 2
101 3
101 5
101 9
101 27
101 41
101 72
101 84
101 87
101 88
101 89
101 90
101 92
101 93
101 95
101 98
101 99
101 104
101 105
101 106
101 107
101 114
101 120
101 144
101 164
101 167
101 169
101 172
101 174
101 179
101 180
101 188
101 198
101 202
101 230
102 29
102 44
102 87
102 89
102 92
102 93
102 98
102 99
102 101
102 103
102 104
102 105
102 107
102 108
102 110
102 111
102 112
102 113
102 115
102 117
102 177
102 184
102 187
102 188
102 202
102 210
102 213
102 229
103 29
103 36
103 44
103 46
103 67
103 71
103 74
103 87
103 89
103 92
103 100
103 101
103 102
103 105
103 106
103 107
103 110
103 111
103 113
103 114
103 117
103 118
103 121
103 174
103 185
103 186
103 198
103 209
103 210
103 212
103 213
103 214
103 225
103 232
104 1
104 2
104 3
104 5
104 9
104 41
104 71
104 72
104 74
104 85
104 87
104 89
104 90
104 91
104 92
104 93
104 95
104 96
104 98
104 99
104 100
104 101
104 102
104 106
104 107
104 112
104 115
104 120
104 122
104 125
104 138
104 141
104 144
104 146
104 159
104 162
104 164
104 172
104 174
104 175
104 198
104 202
104 210
104 222
104 225
104 258
104 259
105 1
105 2
105 3
105 27
105 36
105 41
105 44
105 46
105 48
105 71
105 73
105 74
105 87
105 88
105 89
105 92
105 93
105 95
105 96
105 98
105 99
105 100
105 102
105 104
105 106
105 107
105 110
105 111
105 112
105 114
105 116
105 120
105 121
105 126
105 127
105 129
105 133
105 136
105 138
105 139
105 157
105 163
105 166
105 172
105 198
105 200
105 202
105 207
105 208
105 212
105 213
106 1
106 3
106 5
106 27
106 29
106 41
106 71
106 74
106 84
106 87
106 90
106 91
106 95
106 98
106 99
106 100
106 101
106 104
106 105
106 109
106 164
106 166
106 171
106 174
106 200
106 208
106 210
107 1
107 3
107 4
107 5
107 9
107 23
107 27
107 41
107 44
107 46
107 71
107 72
107 73
107 74
107 84
107 86
107 87
107 88
107 89
107 90
107 91
107 92
107 95
107 96
107 98
107 99
107 100
107 101
107 102
107 104
107 105
107 106
107 109
107 112
107 113
107 114
107 116
107 118
107 120
107 171
107 172
107 173
107 177
107 179
107 180
107 182
107 189
107 198
107 200
107 202
107 203
107 205
107 208
107 210
107 213
107 214
107 229
107 235
108 41
108 44
108 46
108 48
108 72
108 87
108 89
108 91
108 100
108 102
108 103
108 105
108 106
108 107
108 109
108 110
108 111
108 113
108 114
108 115
108 116
108 117
108 121
108 124
108 175
108 177
108 184
108 198
108 200
108 210
108 211
108 213
108 225
108 229
109 41
109 47
109 74
109 84
109 99
109 100
109 102
109 103
109 104
109 106
109 107
109 108
109 111
109 112
109 113
109 117
109 164
109 180
109 189
109 202
109 210
109 229
110 36
110 44
110 46
110 48
110 100
110 103
110 105
110 108
110 109
110 111
110 114
110 121
110 124
110 192
110 213
110 214
110 223
110 225
110 229
110 232
111 1
111 2
111 5
111 36
111 37
111 41
111 44
111 46
111 48
111 74
111 84
111 85
111 87
111 88
111 89
111 90
111 91
111 92
111 95
111 96
111 98
111 99
111 100
111 101
111 102
111 103
111 104
111 105
111 106
111 107
111 108
111 109
111 110
111 112
111 113
111 114
111 115
111 116
111 117
111 118
111 121
111 124
111 128
111 147
111 169
111 172
111 175
111 179
111 182
111 184
111 190
111 192
111 198
111 200
111 202
111 208
111 210
111 212
111 213
111 223
111 225
111 229
111 232
111 259
111 261
111 263
112 2
112 5
112 7
112 8
112 27
112 29
112 44
112 61
112 72
112 84
112 87
112 89
112 92
112 93
112 99
112 100
112 101
112 102
112 103
112 104
112 105
112 106
112 107
112 109
112 113
112 114
112 115
112 116
112 120
112 121
112 125
112 126
112 128
112 134
112 135
112 147
112 174
112 175
112 179
112 184
112 186
112 188
112 202
112 210
112 229
112 232
113 41
113 44
113 46
113 48
113 73
113 74
113 84
113 91
113 100
113 107
113 108
113 109
113 110
113 111
113 114
113 115
113 116
113 171
113 184
113 187
113 188
113 198
113 202
113 210
113 211
113 213
114 4
114 24
114 44
114 46
114 48
114 71
114 72
114 74
114 85
114 88
114 90
114 91
114 93
114 95
114 96
114 98
114 100
114 104
114 106
114 107
114 109
114 110
114 111
114 116
114 117
114 119
114 120
114 123
114 126
114 128
114 129
114 132
114 134
114 135
114 139
114 141
114 144
114 163
114 172
114 192
114 198
114 200
114 202
114 203
114 205
114 207
114 208
114 210
114 212
114 213
114 214
114 218
114 219
114 223
114 229
114 231
114 235
115 44
115 46
115 72
115 102
115 103
115 104
115 107
115 108
115 111
115 113
115 123
115 148
115 184
115 188
115 213
115 225
115 229
116 0
116 1
116 2
116 3
116 4
116 5
116 71
116 72
116 73
116 74
116 84
116 85
116 86
116 87
116 88
116 90
116 91
116 92
116 93
116 95
116 96
116 98
116 104
116 107
116 114
116 119
116 141
116 165
116 166
116 169
116 171
116 173
116 174
116 175
116 177
116 179
116 198
116 202
116 207
116 210
116 213
116 225
116 229
116 231
116 232
116 259
116 261
117 36
117 48
117 73
117 74
117 100
117 102
117 103
117 105
117 108
117 109
117 110
117 111
117 112
117 113
117 114
117 115
117 118
117 121
117 123
117 184
117 188
117 208
117 210
117 218
117 225
117 229
117 232
118 41
118 84
118 88
118 100
118 101
118 104
118 105
118 106
118 107
118 109
118 112
118 128
118 171
118 172
118 179
118 180
118 187
118 190
118 202
118 214
119 72
119 73
119 74
119 108
119 110
119 112
119 114
119 120
119 122
119 124
119 126
119 129
119 130
119 132
119 133
119 134
119 138
119 139
119 141
119 152
119 157
119 158
119 163
119 188
119 197
119 204
119 213
119 214
119 218
119 219
119 220
119 221
119 224
119 225
119 229
119 231
119 235
119 264
120 61
120 67
120 71
120 72
120 73
120 74
120 103
120 118
120 119
120 121
120 123
120 126
120 129
120 130
120 132
120 134
120 136
120 139
120 141
120 157
120 209
120 217
120 223
120 225
120 232
121 2
121 26
121 66
121 71
121 72
121 73
121 74
121 85
121 87
121 88
121 89
121 92
121 95
121 98
121 99
121 105
121 111
121 114
121 119
121 120
121 126
121 127
121 128
121 130
121 134
121 136
121 138
121 139
121 141
121 144
121 146
121 157
121 162
121 163
121 167
121 198
121 209
121 218
121 219
121 242
122 66
122 71
122 73
122 74
122 81
122 119
122 120
122 123
122 128
122 132
122 141
122 191
122 231
123 41
123 44
123 46
123 48
123 61
123 71
123 72
123 73
123 74
123 81
123 88
123 96
123 98
123 102
123 104
123 105
123 109
123 114
123 117
123 120
123 121
123 122
123 125
123 128
123 132
123 134
123 136
123 138
123 139
123 143
123 144
123 146
123 147
123 148
123 157
123 159
123 162
123 164
123 179
123 180
123 189
123 191
123 211
123 219
123 220
123 229
123 235
124 44
124 46
124 48
124 67
124 71
124 73
124 74
124 91
124 108
124 117
124 119
124 122
124 123
124 171
124 214
124 220
124 222
124 225
124 264
125 2
125 5
125 33
125 41
125 65
125 72
125 73
125 74
125 87
125 99
125 100
125 101
125 104
125 107
125 109
125 110
125 112
125 123
125 128
125 132
125 143
125 146
125 147
125 148
125 161
125 162
125 164
125 179
125 180
125 184
125 219
126 27
126 67
126 71
126 72
126 73
126 74
126 92
126 98
126 105
126 119
126 120
126 127
126 133
126 134
126 136
126 139
126 141
126 144
126 157
126 162
126 177
126 198
126 225
126 227
126 228
126 229
126 230
126 231
126 238
127 71
127 73
127 74
127 103
127 105
127 114
127 121
127 126
127 130
127 134
127 139
127 141
127 144
127 162
127 163
128 27
128 41
128 46
128 61
128 71
128 72
128 74
128 81
128 84
128 87
128 89
128 102
128 104
128 107
128 112
128 114
128 116
128 123
128 125
128 127
128 130
128 133
128 134
128 143
128 145
128 146
128 147
128 148
128 152
128 156
128 157
128 158
128 161
128 162
128 163
128 179
128 180
128 185
128 191
128 207
128 234
128 236
128 247
129 47
129 67
129 102
129 108
129 111
129 114
129 119
129 121
129 124
129 182
129 184
129 211
129 220
129 224
129 225
129 230
129 231
129 235
130 43
130 71
130 72
130 73
130 74
130 119
130 123
130 134
130 136
130 138
130 141
130 144
130 147
130 162
130 192
130 220
130 222
130 223
130 224
130 227
130 229
130 230
130 231
130 232
130 234
130 236
131 121
131 150
131 161
132 71
132 72
132 73
132 74
132 119
132 120
132 127
132 129
132 130
132 133
132 134
132 141
132 144
132 157
132 189
132 221
132 224
132 225
132 227
132 231
132 235
132 238
132 247
133 44
133 67
133 71
133 74
133 100
133 103
133 105
133 110
133 111
133 114
133 121
133 122
133 123
133 124
133 126
133 128
133 129
133 219
133 223
133 232
134 61
134 71
134 72
134 73
134 74
134 87
134 93
134 105
134 119
134 120
134 126
134 127
134 130
134 132
134 139
134 141
134 157
134 225
134 227
134 232
134 234
134 238
134 264
135 71
135 72
135 73
135 74
135 123
135 125
135 126
135 136
135 137
135 231
135 232
136 43
136 71
136 73
136 74
136 78
136 105
136 120
136 126
136 139
136 144
136 225
136 230
136 231
136 232
137 77
137 78
137 80
137 126
137 142
137 155
138 43
138 71
138 72
138 73
138 74
138 123
138 125
138 136
138 141
138 144
138 209
138 216
138 217
138 225
138 229
138 232
139 66
139 71
139 72
139 73
139 74
139 111
139 114
139 119
139 120
139 121
139 123
139 126
139 127
139 133
139 137
139 141
139 142
139 148
139 163
139 214
139 218
139 225
139 227
139 231
139 232
140 32
140 63
140 68
140 75
140 76
140 77
140 78
140 79
140 80
140 137
140 142
141 61
141 71
141 72
141 73
141 74
141 120
141 123
141 126
141 130
141 131
141 134
141 136
141 139
141 211
141 231
141 264
142 32
142 68
142 72
142 75
142 77
142 78
142 80
142 137
142 140
143 33
143 41
143 46
143 70
143 73
143 74
143 88
143 105
143 118
143 120
143 121
143 123
143 125
143 127
143 128
143 130
143 131
143 135
143 146
143 147
143 158
143 159
143 161
143 163
143 182
143 191
143 219
143 231
143 234
144 72
144 73
144 114
144 119
144 126
144 127
144 134
144 139
144 147
144 218
144 222
144 226
144 231
144 239
144 244
145 74
145 103
145 129
145 130
145 131
145 148
145 149
145 151
145 152
145 153
145 156
145 159
145 161
145 182
145 196
145 231
145 245
146 2
146 41
146 72
146 74
146 93
146 99
146 101
146 104
146 123
146 125
146 126
146 128
146 143
146 145
146 147
146 148
146 149
146 157
146 158
146 161
146 162
146 167
146 174
146 189
146 202
146 238
147 61
147 72
147 74
147 128
147 131
147 144
147 145
147 146
147 148
147 149
147 150
147 151
147 159
147 161
147 179
147 196
147 247
148 119
148 123
148 125
148 126
148 131
148 145
148 146
148 147
148 150
148 151
148 152
148 156
148 158
148 161
148 196
149 72
149 143
149 145
149 146
149 147
149 151
149 153
149 159
149 161
149 162
149 194
149 196
150 123
150 159
150 202
151 33
151 79
151 81
151 82
151 83
151 125
151 128
151 131
151 137
151 138
151 143
151 145
151 146
151 147
151 148
151 149
151 150
151 152
151 153
151 156
151 158
151 159
151 161
151 196
151 224
151 234
152 81
152 100
152 131
152 145
152 146
152 148
152 149
152 153
152 156
152 159
152 188
153 150
154 158
155 77
155 78
155 137
155 231
155 241
155 244
156 145
156 150
156 151
156 153
156 158
157 66
157 71
157 73
157 74
157 105
157 119
157 121
157 123
157 144
157 209
157 211
157 219
157 223
157 225
157 231
157 232
158 145
158 146
158 148
158 152
158 154
158 156
159 33
159 61
159 72
159 74
159 81
159 125
159 128
159 132
159 136
159 145
159 146
159 147
159 148
159 149
159 150
159 151
159 152
159 156
159 158
159 161
159 162
159 163
159 196
159 246
160 32
160 63
160 75
160 76
160 77
160 78
160 80
160 137
160 140
160 142
160 144
160 243
161 33
161 61
161 72
161 73
161 74
161 81
161 123
161 125
161 128
161 132
161 138
161 143
161 145
161 146
161 147
161 148
161 151
161 158
161 159
161 184
161 191
161 196
161 227
161 247
162 71
162 72
162 73
162 74
162 105
162 126
162 127
162 130
162 134
162 139
162 141
162 163
162 227
162 234
162 238
163 71
163 72
163 73
163 74
163 120
163 121
163 123
163 124
163 126
163 127
163 130
163 134
163 138
163 139
163 144
163 162
163 209
163 218
163 223
163 224
163 225
163 227
163 230
163 232
163 238
164 99
164 116
164 178
164 181
164 185
164 188
164 192
164 201
164 202
164 208
164 210
164 212
164 214
164 216
164 219
164 221
164 229
164 234
164 261
165 164
165 174
165 175
165 177
165 179
165 181
165 183
165 200
165 203
165 208
165 212
165 213
165 214
165 223
165 224
165 231
165 232
165 263
166 87
166 88
166 116
166 172
166 175
166 188
166 192
166 198
166 200
166 202
166 205
166 208
166 209
166 210
166 212
166 213
166 214
166 223
166 229
167 87
167 100
167 104
167 110
167 174
167 180
167 198
167 202
167 205
167 210
167 212
167 213
167 224
167 225
167 229
167 235
168 85
168 94
168 96
168 97
168 178
168 192
168 201
168 249
168 252
169 2
169 5
169 27
169 41
169 43
169 44
169 48
169 72
169 87
169 89
169 101
169 102
169 114
169 115
169 116
169 123
169 141
169 147
169 171
169 172
169 175
169 177
169 180
169 188
169 192
169 198
169 200
169 202
169 208
169 210
169 213
169 214
169 224
169 225
169 229
169 231
169 232
170 27
170 177
170 198
170 205
170 208
170 210
170 212
170 213
171 91
171 94
171 105
171 111
171 114
171 119
171 121
171 166
171 172
171 183
171 185
171 205
171 207
171 209
171 211
171 212
171 214
171 219
171 223
171 225
171 227
171 230
171 263
172 87
172 88
172 98
172 105
172 116
172 121
172 123
172 127
172 163
172 166
172 171
172 182
172 198
172 200
172 201
172 202
172 207
172 208
172 209
172 211
172 214
172 218
172 221
172 222
172 223
172 230
172 231
172 234
172 236
172 246
172 263
173 1
173 2
173 27
173 44
173 46
173 48
173 71
173 72
173 73
173 74
173 84
173 86
173 88
173 89
173 90
173 91
173 94
173 95
173 96
173 97
173 98
173 99
173 100
173 101
173 104
173 108
173 113
173 119
173 123
173 129
173 136
173 141
173 147
173 148
173 151
173 152
173 164
173 165
173 175
173 177
173 188
173 189
173 197
173 200
173 203
173 205
173 207
173 208
173 213
173 229
173 231
173 235
173 249
173 259
174 87
174 88
174 186
174 188
174 198
174 200
174 202
174 205
174 210
174 212
174 213
174 223
174 225
174 229
174 232
175 66
175 99
175 101
175 105
175 111
175 116
175 120
175 121
175 126
175 127
175 141
175 144
175 157
175 171
175 184
175 185
175 186
175 187
175 198
175 200
175 202
175 207
175 208
175 209
175 212
175 213
175 214
175 219
175 220
175 221
175 222
175 223
175 224
175 225
175 227
175 229
175 230
175 231
175 232
175 235
175 247
175 248
176 84
176 86
176 93
176 96
176 97
176 98
176 100
176 102
176 103
176 106
176 107
176 111
176 113
176 114
176 120
176 133
176 202
176 207
176 213
176 253
176 263
177 87
177 89
177 96
177 98
177 103
177 104
177 114
177 115
177 132
177 164
177 165
177 179
177 181
177 183
177 184
177 185
177 186
177 188
177 189
177 197
177 198
177 202
177 205
177 207
177 208
177 212
177 213
177 214
177 221
177 223
177 225
177 226
177 227
177 228
177 236
177 238
177 246
177 261
177 262
177 264
178 23
178 84
178 85
178 86
178 87
178 88
178 92
178 93
178 94
178 95
178 96
178 97
178 100
178 101
178 104
178 105
178 106
178 107
178 109
178 111
178 112
178 114
178 116
178 117
178 118
178 121
178 168
178 185
178 192
178 197
178 198
178 200
178 202
178 205
178 207
178 214
178 225
178 249
178 253
179 46
179 87
179 93
179 99
179 100
179 101
179 116
179 121
179 171
179 175
179 181
179 183
179 185
179 187
179 200
179 202
179 208
179 210
179 212
179 213
179 214
179 219
179 223
179 229
179 232
180 85
180 116
180 118
180 167
180 170
180 175
180 183
180 198
180 202
180 205
180 210
180 213
180 223
180 225
180 229
180 232
181 67
181 71
181 89
181 98
181 100
181 101
181 102
181 103
181 105
181 106
181 107
181 108
181 109
181 110
181 111
181 112
181 117
181 120
181 124
181 125
181 126
181 127
181 128
181 130
181 133
181 134
181 138
181 141
181 148
181 171
181 202
181 207
181 208
181 213
181 214
181 229
181 235
181 236
182 121
182 124
182 125
182 130
182 132
182 134
182 138
182 139
182 141
182 163
182 187
182 188
182 192
182 218
182 219
182 223
182 224
182 226
182 230
182 231
182 232
183 5
183 66
183 84
183 87
183 89
183 90
183 93
183 95
183 101
183 104
183 108
183 109
183 112
183 113
183 115
183 116
183 128
183 165
183 167
183 174
183 175
183 177
183 180
183 184
183 197
183 198
183 205
183 206
183 207
183 208
183 210
183 212
183 213
183 214
183 225
183 229
183 231
183 232
183 261
183 263
184 65
184 88
184 143
184 153
184 168
184 186
184 204
184 205
184 209
184 212
184 213
184 219
184 222
184 230
184 232
184 233
184 235
184 236
184 238
184 259
184 261
184 264
185 71
185 84
185 87
185 88
185 91
185 92
185 95
185 99
185 100
185 102
185 104
185 105
185 106
185 107
185 108
185 109
185 111
185 112
185 113
185 114
185 115
185 116
185 117
185 118
185 119
185 121
185 127
185 132
185 133
185 134
185 138
185 141
185 145
185 148
185 159
185 168
185 176
185 192
185 235
185 246
186 65
186 66
186 74
186 101
186 105
186 110
186 116
186 121
186 126
186 128
186 131
186 134
186 141
186 157
186 162
186 163
186 171
186 175
186 182
186 184
186 192
186 200
186 202
186 209
186 214
186 219
186 223
186 225
186 227
186 229
186 231
186 232
186 235
186 236
186 238
186 247
186 264
187 44
187 87
187 98
187 105
187 111
187 116
187 119
187 121
187 125
187 126
187 141
187 165
187 173
187 175
187 181
187 182
187 186
187 188
187 192
187 198
187 200
187 201
187 202
187 203
187 205
187 208
187 209
187 212
187 213
187 214
187 219
187 223
187 227
187 229
187 230
187 231
187 232
187 259
188 46
188 66
188 105
188 116
188 121
188 126
188 131
188 136
188 139
188 144
188 157
188 162
188 163
188 171
188 172
188 177
188 182
188 186
188 187
188 192
188 198
188 200
188 207
188 208
188 209
188 214
188 216
188 219
188 221
188 223
188 225
188 226
188 227
188 228
188 230
188 231
188 232
188 233
188 235
188 236
188 247
188 264
189 65
189 101
189 123
189 179
189 184
189 186
189 200
189 207
189 208
189 210
189 213
189 225
189 232
190 72
190 102
190 103
190 108
190 110
190 114
190 115
190 119
190 120
190 123
190 125
190 127
190 132
190 134
190 138
190 143
190 148
190 149
190 152
190 163
190 176
190 184
190 188
190 218
190 223
191 98
191 99
191 101
191 132
191 144
191 146
191 187
191 208
191 214
191 219
191 232
191 264
192 106
192 121
192 127
192 141
192 161
192 166
192 182
192 186
192 187
192 194
192 202
192 218
192 221
192 226
192 227
192 228
192 230
192 236
192 237
192 245
192 246
193 96
193 102
193 121
193 122
193 123
193 125
193 128
193 152
193 181
193 263
193 264
194 84
194 87
194 89
194 98
194 100
194 101
194 102
194 103
194 104
194 107
194 110
194 111
194 112
194 113
194 114
194 117
194 120
194 125
194 128
194 130
194 131
194 132
194 138
194 139
194 141
194 146
194 147
194 148
194 150
194 151
194 152
194 153
194 158
194 159
194 162
194 163
194 170
194 180
194 189
194 231
194 246
194 247
195 132
195 152
196 149
196 151
196 152
196 159
196 194
196 218
196 219
196 223
196 226
196 227
196 245
196 264
197 85
197 94
197 96
197 168
197 173
197 199
197 203
197 206
197 226
197 252
197 253
197 255
197 256
197 258
197 262
198 0
198 1
198 2
198 3
198 4
198 5
198 8
198 9
198 24
198 26
198 27
198 41
198 48
198 72
198 84
198 85
198 86
198 87
198 88
198 89
198 90
198 91
198 92
198 93
198 94
198 95
198 96
198 97
198 98
198 99
198 100
198 101
198 102
198 104
198 105
198 106
198 107
198 111
198 114
198 166
198 167
198 169
198 173
198 174
198 178
198 186
198 188
198 201
198 202
198 203
198 207
198 208
198 213
198 229
198 251
198 254
198 255
198 256
198 257
198 258
198 259
198 260
198 261
199 4
199 96
199 173
199 197
199 206
199 252
199 253
199 255
199 258
200 1
200 2
200 3
200 4
200 5
200 23
200 27
200 36
200 46
200 48
200 71
200 72
200 85
200 86
200 87
200 88
200 90
200 92
200 96
200 97
200 98
200 165
200 166
200 169
200 173
200 174
200 175
200 186
200 187
200 188
200 205
200 207
200 208
200 214
200 258
200 261
201 4
201 71
201 72
201 85
201 86
201 88
201 94
201 95
201 96
201 97
201 165
201 166
201 168
201 173
201 188
201 203
201 252
201 253
201 258
201 260
202 0
202 1
202 2
202 3
202 5
202 8
202 9
202 26
202 27
202 41
202 46
202 48
202 70
202 72
202 74
202 84
202 85
202 87
202 89
202 90
202 91
202 93
202 95
202 96
202 97
202 98
202 100
202 102
202 104
202 105
202 106
202 107
202 108
202 109
202 111
202 113
202 114
202 131
202 147
202 167
202 169
202 174
202 175
202 179
202 180
202 184
202 187
202 188
202 198
202 249
202 258
202 259
202 263
203 0
203 4
203 5
203 27
203 85
203 86
203 88
203 94
203 96
203 97
203 98
203 165
203 170
203 173
203 174
203 178
203 197
203 199
203 201
203 205
203 214
203 252
203 253
203 255
203 258
204 96
204 98
204 173
204 199
204 252
204 253
204 255
205 0
205 4
205 5
205 27
205 72
205 85
205 86
205 91
205 92
205 93
205 94
205 95
205 96
205 97
205 98
205 114
205 168
205 170
205 173
205 175
205 177
205 178
205 197
205 198
205 203
205 212
205 251
205 252
205 256
205 260
205 262
206 71
206 94
206 114
206 141
206 165
206 168
206 173
206 188
206 192
206 193
206 197
206 201
206 211
206 221
206 222
206 253
206 255
206 258
207 0
207 1
207 2
207 3
207 4
207 5
207 26
207 74
207 85
207 86
207 88
207 91
207 93
207 94
207 95
207 96
207 97
207 99
207 114
207 165
207 166
207 168
207 169
207 171
207 172
207 173
207 175
207 178
207 197
207 200
207 201
207 205
207 208
207 214
207 261
208 0
208 1
208 2
208 3
208 4
208 5
208 7
208 9
208 23
208 27
208 71
208 72
208 73
208 84
208 85
208 86
208 87
208 88
208 89
208 90
208 93
208 94
208 95
208 96
208 97
208 98
208 99
208 100
208 104
208 114
208 141
208 164
208 166
208 167
208 169
208 170
208 173
208 174
208 175
208 176
208 178
208 188
208 202
208 213
208 214
209 1
209 2
209 5
209 46
209 73
209 74
209 84
209 86
209 87
209 88
209 90
209 91
209 93
209 95
209 96
209 97
209 99
209 100
209 102
209 103
209 105
209 107
209 121
209 166
209 168
209 171
209 172
209 176
209 182
209 185
209 187
209 188
209 202
209 207
209 213
209 223
209 229
209 230
209 257
209 261
209 263
210 1
210 2
210 3
210 5
210 27
210 29
210 41
210 44
210 46
210 71
210 84
210 87
210 89
210 90
210 91
210 92
210 93
210 95
210 96
210 99
210 100
210 101
210 103
210 104
210 105
210 106
210 107
210 109
210 110
210 111
210 112
210 113
210 114
210 116
210 117
210 118
210 120
210 166
210 169
210 170
210 171
210 173
210 174
210 180
210 188
210 189
210 198
210 202
210 208
210 214
210 229
210 255
210 259
210 261
210 263
211 3
211 5
211 86
211 88
211 91
211 92
211 93
211 94
211 95
211 97
211 98
211 99
211 100
211 114
211 119
211 121
211 157
211 168
211 172
211 173
211 185
211 188
211 201
211 207
211 220
211 230
211 258
212 2
212 3
212 4
212 5
212 23
212 67
212 71
212 72
212 85
212 86
212 87
212 88
212 89
212 90
212 92
212 94
212 95
212 96
212 98
212 99
212 100
212 102
212 107
212 110
212 111
212 114
212 116
212 168
212 169
212 173
212 176
212 178
212 185
212 186
212 202
212 208
212 213
212 214
212 230
212 254
212 255
212 257
212 258
212 259
212 261
212 262
213 0
213 1
213 2
213 3
213 4
213 5
213 27
213 36
213 41
213 46
213 72
213 74
213 84
213 85
213 86
213 87
213 88
213 89
213 90
213 91
213 92
213 93
213 94
213 95
213 96
213 97
213 98
213 99
213 100
213 101
213 102
213 103
213 104
213 105
213 107
213 108
213 111
213 112
213 113
213 114
213 115
213 116
213 118
213 120
213 123
213 133
213 166
213 168
213 169
213 171
213 173
213 174
213 175
213 176
213 177
213 178
213 180
213 183
213 184
213 186
213 202
213 203
213 205
213 207
213 208
213 210
213 212
213 214
213 225
213 229
213 231
213 232
213 249
213 250
213 251
213 254
213 255
213 256
213 258
213 259
213 260
213 261
213 262
213 263
214 3
214 4
214 5
214 48
214 71
214 72
214 74
214 86
214 87
214 88
214 90
214 91
214 93
214 95
214 96
214 97
214 100
214 105
214 107
214 109
214 111
214 113
214 114
214 116
214 152
214 165
214 166
214 167
214 172
214 173
214 174
214 175
214 178
214 185
214 192
214 200
214 201
214 202
214 207
214 208
214 212
214 213
214 225
214 258
215 16
215 57
216 7
216 48
216 182
217 7
217 100
218 71
218 73
218 74
218 87
218 94
218 100
218 104
218 119
218 120
218 121
218 131
218 139
218 141
218 181
218 182
218 192
218 228
218 255
219 41
219 44
219 48
219 61
219 67
219 73
219 74
219 81
219 100
219 103
219 105
219 108
219 110
219 111
219 114
219 117
219 119
219 123
219 152
219 165
219 168
219 169
219 172
219 175
219 176
219 177
219 179
219 181
219 182
219 183
219 185
219 186
219 187
219 188
219 192
219 206
219 211
219 212
219 214
219 221
219 222
219 228
219 235
219 247
219 249
219 250
219 251
219 254
219 256
219 257
219 261
220 73
220 100
220 187
220 216
220 219
220 258
221 36
221 72
221 73
221 87
221 114
221 120
221 125
221 126
221 163
221 172
221 187
221 190
221 192
221 211
221 228
221 233
222 66
222 71
222 86
222 94
222 97
222 108
222 111
222 112
222 116
222 126
222 136
222 172
222 175
222 182
222 187
222 192
222 207
222 214
222 216
222 219
222 227
222 249
222 253
222 255
222 258
223 5
223 9
223 27
223 36
223 41
223 71
223 72
223 73
223 84
223 85
223 87
223 88
223 89
223 98
223 99
223 100
223 101
223 102
223 103
223 104
223 105
223 106
223 107
223 110
223 111
223 112
223 113
223 114
223 117
223 119
223 121
223 123
223 127
223 157
223 158
223 165
223 167
223 172
223 175
223 176
223 177
223 180
223 181
223 185
223 188
223 190
223 205
223 209
223 214
223 216
223 230
223 231
223 235
223 246
223 263
224 9
224 36
224 67
224 74
224 96
224 99
224 100
224 102
224 103
224 107
224 108
224 110
224 114
224 119
224 133
224 165
224 172
224 175
224 176
224 177
224 181
224 183
224 185
224 219
224 227
224 230
224 235
224 250
224 251
224 254
224 255
224 256
224 257
225 1
225 3
225 5
225 9
225 23
225 27
225 36
225 41
225 44
225 46
225 48
225 61
225 67
225 74
225 84
225 85
225 87
225 88
225 89
225 91
225 92
225 93
225 95
225 98
225 99
225 100
225 101
225 102
225 103
225 104
225 105
225 106
225 107
225 109
225 110
225 111
225 112
225 114
225 115
225 116
225 117
225 118
225 120
225 121
225 123
225 166
225 167
225 169
225 170
225 172
225 174
225 175
225 180
225 183
225 184
225 185
225 186
225 188
225 189
225 198
225 202
225 207
225 210
225 213
225 214
225 229
225 232
225 258
225 259
225 263
226 0
226 2
226 66
226 71
226 72
226 73
226 74
226 85
226 95
226 100
226 120
226 123
226 125
226 126
226 128
226 131
226 132
226 134
226 139
226 141
226 144
226 162
226 163
226 168
226 169
226 171
226 179
226 190
226 192
226 194
226 199
226 206
226 218
226 224
226 228
226 233
226 234
226 247
226 248
227 2
227 3
227 4
227 5
227 36
227 71
227 74
227 86
227 87
227 93
227 108
227 141
227 168
227 169
227 171
227 172
227 175
227 176
227 178
227 186
227 187
227 188
227 236
227 256
227 259
228 1
228 2
228 3
228 27
228 41
228 48
228 61
228 71
228 72
228 73
228 74
228 81
228 86
228 120
228 126
228 127
228 130
228 131
228 133
228 134
228 138
228 139
228 141
228 157
228 161
228 168
228 173
228 178
228 181
228 192
228 226
228 235
228 237
228 248
229 0
229 1
229 3
229 5
229 7
229 23
229 24
229 27
229 36
229 41
229 44
229 46
229 48
229 61
229 72
229 84
229 87
229 88
229 89
229 90
229 92
229 93
229 95
229 98
229 99
229 100
229 101
229 102
229 103
229 104
229 105
229 106
229 107
229 108
229 109
229 111
229 112
229 113
229 114
229 115
229 116
229 117
229 118
229 125
229 166
229 169
229 170
229 171
229 172
229 174
229 175
229 178
229 179
229 180
229 182
229 183
229 184
229 186
229 188
229 189
229 208
229 210
229 214
229 225
229 232
229 234
229 261
229 263
230 2
230 5
230 72
230 73
230 85
230 86
230 87
230 88
230 89
230 90
230 91
230 93
230 94
230 96
230 98
230 104
230 105
230 107
230 114
230 123
230 126
230 133
230 138
230 147
230 165
230 166
230 173
230 175
230 176
230 177
230 181
230 184
230 203
230 204
230 219
230 251
230 255
230 261
230 262
231 0
231 1
231 2
231 3
231 4
231 5
231 8
231 26
231 36
231 41
231 44
231 71
231 72
231 73
231 74
231 85
231 86
231 88
231 89
231 90
231 91
231 93
231 94
231 95
231 96
231 97
231 102
231 103
231 108
231 114
231 116
231 119
231 121
231 123
231 129
231 132
231 141
231 166
231 169
231 171
231 172
231 173
231 174
231 175
231 178
231 179
231 180
231 182
231 184
231 185
231 187
231 192
231 199
231 204
231 207
231 212
231 247
231 255
231 258
231 259
232 1
232 3
232 5
232 23
232 27
232 29
232 36
232 41
232 44
232 47
232 48
232 61
232 67
232 71
232 72
232 73
232 74
232 84
232 87
232 89
232 90
232 91
232 98
232 99
232 100
232 101
232 102
232 103
232 104
232 105
232 106
232 107
232 108
232 109
232 111
232 112
232 113
232 114
232 115
232 116
232 117
232 118
232 120
232 121
232 123
232 125
232 128
232 130
232 133
232 136
232 138
232 167
232 169
232 172
232 174
232 178
232 179
232 180
232 182
232 183
232 186
232 187
232 188
232 189
232 191
232 198
232 202
232 207
232 208
232 210
232 225
232 229
232 230
232 231
232 247
232 251
232 259
232 263
232 264
233 24
233 27
233 71
233 72
233 73
233 74
233 87
233 108
233 122
233 123
233 131
233 134
233 136
233 139
233 168
233 173
233 177
233 178
233 192
233 234
233 264
234 43
234 71
234 72
234 73
234 74
234 87
234 108
234 114
234 123
234 126
234 133
234 134
234 138
234 139
234 141
234 162
234 168
234 178
234 188
234 192
234 226
234 228
234 233
235 24
235 44
235 87
235 108
235 132
235 134
235 145
235 173
235 175
235 178
235 182
235 186
235 187
235 188
235 190
235 200
235 221
235 234
235 246
236 3
236 71
236 72
236 73
236 101
236 120
236 131
236 132
236 136
236 139
236 163
236 168
236 177
236 192
236 227
236 235
236 238
237 71
237 74
237 81
237 192
238 24
238 71
238 72
238 139
238 144
238 163
238 177
239 135
239 136
239 137
240 6
240 16
240 17
240 19
240 52
240 64
240 75
240 76
240 80
241 38
243 57
243 75
243 76
243 77
243 78
243 80
243 140
243 142
244 11
244 13
244 28
244 50
244 54
244 78
244 79
244 140
245 3
245 71
245 72
245 73
245 74
245 93
245 100
245 102
245 104
245 120
245 123
245 130
245 134
245 136
245 138
245 139
245 141
245 156
245 158
245 163
245 187
245 192
245 232
246 72
246 86
246 115
246 135
246 177
246 247
247 1
247 23
247 27
247 36
247 44
247 46
247 72
247 87
247 89
247 103
247 109
247 115
247 116
247 117
247 120
247 146
247 147
247 162
247 169
247 172
247 173
247 181
247 182
247 184
247 186
247 194
247 208
247 238
247 251
248 128
248 146
248 184
248 187
248 188
249 72
249 74
249 165
249 171
249 186
249 188
249 189
249 192
249 250
249 251
249 259
250 26
250 72
250 170
250 203
250 249
250 251
250 253
250 254
250 256
250 257
251 72
251 84
251 249
252 2
252 249
252 250
252 251
252 254
252 259
253 85
253 86
253 92
253 95
253 96
253 98
253 165
253 168
253 170
253 171
253 197
253 203
253 204
253 206
253 252
253 257
254 27
254 72
254 164
254 165
254 167
254 249
254 253
255 3
255 44
255 85
255 99
255 164
255 166
255 170
255 172
255 187
255 189
255 192
255 203
255 249
255 251
255 253
255 254
255 257
256 5
256 44
256 72
256 249
256 251
256 252
256 259
257 250
257 251
257 259
258 164
258 165
258 175
258 187
258 188
258 206
258 251
258 257
259 44
259 71
259 72
259 74
259 84
259 104
259 112
259 117
259 165
259 166
259 167
259 169
259 170
259 175
259 180
259 249
259 251
259 260
259 261
259 262
260 87
260 94
260 96
260 261
260 262
261 2
261 5
261 44
261 46
261 72
261 84
261 86
261 88
261 91
261 102
261 108
261 111
261 117
261 168
261 169
261 177
261 206
261 251
261 260
262 4
262 5
262 72
262 85
262 88
262 92
262 95
262 96
262 177
262 202
262 205
262 250
262 253
262 254
262 259
262 261
263 84
263 103
263 105
263 107
263 108
263 109
263 111
263 112
263 113
263 117
263 118
263 121
263 171
263 172
263 174
263 185
263 186
263 190
263 219
264 72
264 73
264 74
264 102
264 103
264 108
264 109
264 110
264 111
264 114
264 123
264 125
264 156
264 159
264 230
264 231
264 235
264 248
265 33
265 148
265 151
265 152
265 153
265 156
265 161
265 248
